-122.4415018, 37.9677026
-122.441484, 37.9668049
-122.441484, 37.9665009
-122.441484, 37.9653249
-122.441484, 37.961798
-122.441484, 37.9606229
-122.441383, 37.9599829
-122.441083, 37.9580619
-122.440984, 37.9574229
-122.439783, 37.9533029
-122.436183, 37.9409429
-122.4354202, 37.9388465
-122.4320923, 37.9298442
-122.4178192, 37.9184667
-122.4032009, 37.9068704
-122.3899543, 37.8963835
-122.3737489, 37.8835467
-122.3383972, 37.8911607
-122.327538, 37.8937865
-122.3224338, 37.8950889
-122.3127481, 37.8972598
-122.3115622, 37.8974629
-122.3087705, 37.8977887
-122.3056476, 37.8981326
-122.3037057, 37.898349
-122.3021496, 37.8985224
-122.3010096, 37.8979594
-122.3005534, 37.8979931
-122.3001697, 37.8979438
-122.2996352, 37.8981042
-122.2989206, 37.8982349
-122.2987792, 37.8984183
-122.2978866, 37.8985843
-122.2975588, 37.8987713
-122.2968139, 37.8987841
-122.2966463, 37.8989082
-122.2964025, 37.8989614
-122.2942205, 37.8986063
-122.2939747, 37.8984196
-122.2936774, 37.8984697
-122.2928819, 37.8983021
-122.2925649, 37.898393
-122.2915038, 37.8980601
-122.290649, 37.8977137
-122.2896405, 37.8974916
-122.2884535, 37.8976123
-122.2880779, 37.8979853
-122.2876125, 37.8984403
-122.287139, 37.8983647
-122.2870683, 37.8983534
-122.2866991, 37.8985196
-122.2863594, 37.8986788
-122.2859513, 37.8987914
-122.2857412, 37.8988447
-122.285285, 37.8989759
-122.285149, 37.8990123
-122.2844416, 37.8992208
-122.2841576, 37.8993006
-122.2840254, 37.8994255
-122.2837953, 37.899659
-122.283644, 37.8999992
-122.2833544, 37.900064
-122.2827837, 37.900188
-122.2825784, 37.9002261
-122.2822438, 37.900295
-122.2822457, 37.9003025
-122.2819993, 37.9003619
-122.2820163, 37.9003472
-122.2817921, 37.9003945
-122.281013, 37.9005745
-122.280611, 37.9006513
-122.2802319, 37.9007422
-122.2800248, 37.9007789
-122.2797056, 37.9007693
-122.2794869, 37.9007561
-122.278781, 37.9007359
-122.2785337, 37.9009037
-122.2782418, 37.9010894
-122.2781123, 37.9011841
-122.2779588, 37.9012853
-122.2777355, 37.9014438
-122.2777215, 37.9014378
-122.2772917, 37.9017293
-122.2773734, 37.9018839
-122.2774702, 37.9020905
-122.2776828, 37.9024973
-122.277783, 37.9026997
-122.2778614, 37.9031497
-122.2775701, 37.9032207
-122.2773029, 37.9032817
-122.2769738, 37.9033636
-122.2765447, 37.9034669
-122.2762706, 37.9035294
-122.2754106, 37.9037339
-122.2748711, 37.9038594
-122.2748401, 37.9038688
-122.2745131, 37.9041814
-122.2741202, 37.9045683
-122.273822, 37.9048544
-122.2736087, 37.9050677
-122.272491, 37.9053681
-122.272575, 37.9062726
-122.2716091, 37.906329
-122.2716416, 37.9065997
-122.2698618, 37.9066896
-122.269759, 37.9065201
-122.2695811, 37.9048033
-122.2695981, 37.9047159
-122.2696228, 37.9046633
-122.2696853, 37.9045958
-122.2697844, 37.9045352
-122.269785, 37.9044123
-122.269713, 37.9043756
-122.2696212, 37.9043049
-122.2694878, 37.9043069
-122.2694129, 37.9042922
-122.2691815, 37.9041851
-122.2687848, 37.9039768
-122.2686634, 37.9039711
-122.2685399, 37.9039537
-122.2683734, 37.903948
-122.2682487, 37.9039553
-122.268128, 37.9039798
-122.2680164, 37.9040247
-122.2678778, 37.9040982
-122.2674271, 37.9043892
-122.2673173, 37.9044369
-122.2671228, 37.9044954
-122.2670399, 37.9045042
-122.266915, 37.9045027
-122.2665449, 37.9044642
-122.2659218, 37.9044296
-122.2655178, 37.9043505
-122.2653207, 37.9042978
-122.2652087, 37.9042535
-122.2651419, 37.9042147
-122.2650089, 37.9040882
-122.2648732, 37.9039214
-122.2648149, 37.9038755
-122.2647079, 37.9038222
-122.2645927, 37.9037855
-122.2644708, 37.9037632
-122.2641347, 37.9037683
-122.2640563, 37.9037523
-122.2639828, 37.9037225
-122.263844, 37.9036463
-122.2637523, 37.9035796
-122.263446, 37.9033095
-122.2633301, 37.9031739
-122.2631188, 37.9028145
-122.2627201, 37.9020157
-122.2626825, 37.9019586
-122.262631, 37.9019078
-122.2625393, 37.9018426
-122.2623355, 37.9017248
-122.2620882, 37.9016021
-122.2618878, 37.9015577
-122.2613928, 37.901515
-122.2612758, 37.9014789
-122.2612158, 37.9014338
-122.261196, 37.9014039
-122.2611824, 37.9013396
-122.2611923, 37.9011746
-122.2611865, 37.9010758
-122.2611404, 37.9008142
-122.2611516, 37.9001878
-122.2611287, 37.899956
-122.2610798, 37.8998675
-122.2609683, 37.8997675
-122.2608312, 37.8996878
-122.2607176, 37.8996483
-122.2606378, 37.8996481
-122.2605174, 37.8996849
-122.2601591, 37.899853
-122.2600457, 37.8998946
-122.2599647, 37.8999102
-122.2598401, 37.8999196
-122.2597584, 37.8999105
-122.2596799, 37.8998897
-122.2595312, 37.8998308
-122.2593676, 37.8997282
-122.258735, 37.8990736
-122.25867, 37.899034
-122.2585481, 37.8990111
-122.2584651, 37.8990185
-122.258303, 37.8990525
-122.2581554, 37.8991138
-122.2580581, 37.8991757
-122.2577908, 37.8993822
-122.2571732, 37.8997196
-122.2570561, 37.899753
-122.2569748, 37.8997611
-122.2568898, 37.8997575
-122.2567762, 37.8997173
-122.256693, 37.8996444
-122.2564062, 37.8990952
-122.2562989, 37.8988118
-122.2562242, 37.8986577
-122.2561177, 37.8984773
-122.2560989, 37.8984151
-122.2561156, 37.898316
-122.2561488, 37.8982558
-122.2562215, 37.898175
-122.2563117, 37.8981057
-122.2563624, 37.8980528
-122.2564125, 37.8979744
-122.2564353, 37.8979109
-122.2564449, 37.8978023
-122.25641, 37.8974292
-122.2564168, 37.8972753
-122.2564022, 37.8971004
-122.2563578, 37.8969054
-122.2563206, 37.8967995
-122.2561381, 37.8963387
-122.2560871, 37.8962358
-122.2560459, 37.8961794
-122.2559521, 37.8960977
-122.2558659, 37.8960413
-122.2557802, 37.8960089
-122.2557105, 37.8959948
-122.2556273, 37.8959906
-122.2554927, 37.8960187
-122.2554021, 37.8960695
-122.25529, 37.8961659
-122.2551791, 37.8962429
-122.2551212, 37.8962831
-122.2550544, 37.8963191
-122.2549734, 37.8963368
-122.2549179, 37.8963369
-122.2548083, 37.8963193
-122.2543896, 37.8962012
-122.2542834, 37.8961815
-122.2541724, 37.8961756
-122.2539234, 37.896202
-122.2538126, 37.8962057
-122.2537309, 37.8961966
-122.2536524, 37.8961731
-122.2535382, 37.8961109
-122.2534233, 37.8960158
-122.2532162, 37.8957558
-122.2531085, 37.8956022
-122.2530039, 37.8955001
-122.2527901, 37.8953261
-122.2527615, 37.8952895
-122.252734, 37.8952267
-122.2526751, 37.8947901
-122.2526809, 37.8945923
-122.2527089, 37.8945308
-122.2527812, 37.8944363
-122.2529422, 37.8942856
-122.253018, 37.8941931
-122.2530664, 37.8941141
-122.2530788, 37.8940494
-122.253071, 37.8939396
-122.2530521, 37.8938761
-122.2529788, 37.893781
-122.2529096, 37.8937134
-122.2528361, 37.8936815
-122.2527559, 37.8936628
-122.2525076, 37.8936411
-122.2524324, 37.893614
-122.2521958, 37.8935001
-122.2520861, 37.8934804
-122.2520047, 37.893481
-122.2518942, 37.8934998
-122.2518222, 37.8935311
-122.2517439, 37.893594
-122.2513103, 37.893871
-122.2512603, 37.8938834
-122.2512065, 37.8938774
-122.2511033, 37.8938404
-122.2506764, 37.8935947
-122.2503333, 37.8934501
-122.2501507, 37.8933512
-122.2500952, 37.8932751
-122.2500403, 37.8931503
-122.2500365, 37.8930624
-122.2500639, 37.8929776
-122.2500262, 37.8928477
-122.2499976, 37.8928117
-122.2499502, 37.8927842
-122.2498979, 37.8927699
-122.2498441, 37.8927693
-122.2497078, 37.8927947
-122.2496542, 37.8928238
-122.2496404, 37.8927284
-122.2492222, 37.8913811
-122.249078, 37.8910749
-122.2491016, 37.890973
-122.2490307, 37.8907591
-122.2498262, 37.8901732
-122.2502912, 37.8898285
-122.2495485, 37.8894185
-122.2494553, 37.8887016
-122.2494116, 37.8883171
-122.2494772, 37.8882357
-122.2494391, 37.8880145
-122.2493981, 37.8878943
-122.2493766, 37.8878616
-122.2493461, 37.8877481
-122.2493236, 37.8875287
-122.2493287, 37.8873768
-122.2493149, 37.8873049
-122.2492783, 37.887221
-122.2492755, 37.8870322
-122.2492483, 37.8869791
-122.2479881, 37.8860817
-122.2478375, 37.8859425
-122.247791, 37.8858779
-122.2477873, 37.885869
-122.2477754, 37.8858768
-122.2477616, 37.8858825
-122.2477306, 37.8858884
-122.2476993, 37.8858868
-122.2476801, 37.8858802
-122.2476661, 37.8858722
-122.2476556, 37.8858703
-122.2476263, 37.8858748
-122.2469127, 37.885368
-122.2465861, 37.8851909
-122.2464301, 37.8850689
-122.2457161, 37.8845109
-122.2454791, 37.8843249
-122.2453101, 37.8841919
-122.2448031, 37.8837939
-122.2446351, 37.8836619
-122.2446151, 37.8836459
-122.2441141, 37.8832519
-122.2440791, 37.8832239
-122.2419791, 37.8819239
-122.2419711, 37.8819269
-122.2418551, 37.8819659
-122.2414591, 37.8821569
-122.2402731, 37.8827319
-122.2402611, 37.8827389
-122.2398791, 37.8829249
-122.2397851, 37.8829559
-122.2395061, 37.8830479
-122.2394131, 37.8830799
-122.2393531, 37.8830999
-122.2390421, 37.8832029
-122.2386791, 37.8833249
-122.2379161, 37.8831239
-122.2375971, 37.8830399
-122.2375431, 37.8830259
-122.2375381, 37.8830239
-122.2372491, 37.8829459
-122.2363821, 37.8827139
-122.2360951, 37.8826379
-122.2360381, 37.8826229
-122.2360291, 37.8826199
-122.2356791, 37.8825249
-122.2350681, 37.8823839
-122.2343781, 37.8822249
-122.2319991, 37.8815949
-122.2309791, 37.8813249
-122.2301491, 37.8809889
-122.2276611, 37.8799839
-122.2271171, 37.8797649
-122.2271161, 37.8797639
-122.2268311, 37.8796499
-122.2257781, 37.8792249
-122.2255671, 37.8791249
-122.2238781, 37.8783259
-122.2224481, 37.8766089
-122.2217111, 37.8757229
-122.2215731, 37.8755579
-122.2215601, 37.8755429
-122.2213956, 37.8753178
-122.2202111, 37.8742759
-122.2187211, 37.8729359
-122.2173761, 37.8717239
-122.2167381, 37.8700429
-122.2162761, 37.868822
-122.2167691, 37.868577
-122.2167831, 37.868571
-122.2169951, 37.868464
-122.2170751, 37.868424
-122.2172271, 37.868316
-122.2175831, 37.868061
-122.2177781, 37.867925
-122.2178971, 37.867866
-122.2179991, 37.867815
-122.2191811, 37.867226
-122.2203151, 37.866144
-122.2214881, 37.865026
-122.2203891, 37.864427
-122.218616, 37.8629304
-122.2175311, 37.861998
-122.2154521, 37.860147
-122.2147361, 37.85951
-122.2138741, 37.858546
-122.2137781, 37.858026
-122.2132631, 37.857874
-122.2131941, 37.857835
-122.2131721, 37.857822
-122.213173, 37.85778
-122.213175, 37.857658
-122.213176, 37.857623
-122.213136, 37.857583
-122.213135, 37.857583
-122.212973, 37.857503
-122.212494, 37.857269
-122.21238, 37.857234
-122.212012, 37.857013
-122.211933, 37.856946
-122.211926, 37.856937
-122.211907, 37.856909
-122.211902, 37.8569
-122.21189, 37.85688
-122.211885, 37.85687
-122.211862, 37.85682
-122.2118541, 37.856801
-122.2116291, 37.856431
-122.2109571, 37.855322
-122.2107781, 37.855026
-122.2108101, 37.854946
-122.2109781, 37.854526
-122.2107181, 37.85423
-122.2090441, 37.852325
-122.2084861, 37.85169
-122.2081741, 37.85174
-122.2080631, 37.851754
-122.2079671, 37.851751
-122.2078611, 37.85175
-122.2077841, 37.851737
-122.2075641, 37.851649
-122.2073781, 37.851555
-122.2073071, 37.851526
-122.2072321, 37.851511
-122.2070631, 37.85151
-122.2062181, 37.851474
-122.2040941, 37.851387
-122.2038091, 37.851106
-122.2032101, 37.850516
-122.2028431, 37.850058
-122.2017441, 37.848684
-122.201378, 37.8482259
-122.201242, 37.8481029
-122.2008371, 37.8477339
-122.2007021, 37.8476119
-122.2006781, 37.8475889
-122.2003711, 37.8473089
-122.2002781, 37.8472249
-122.1999901, 37.8470399
-122.1992551, 37.8465659
-122.198879, 37.8463239
-122.1985411, 37.8460689
-122.1975281, 37.8453069
-122.1973831, 37.8451969
-122.197279, 37.8451229
-122.19718, 37.8450679
-122.197059, 37.8449939
-122.1970401, 37.8449829
-122.196778, 37.8448249
-122.1967031, 37.8447649
-122.1965931, 37.8446779
-122.1965751, 37.8446629
-122.1962091, 37.8443609
-122.1952741, 37.8435869
-122.1952781, 37.8433119
-122.1952773, 37.8431795
-122.1952821, 37.8431129
-122.1952871, 37.842817
-122.1952931, 37.842799
-122.1953151, 37.842789
-122.1954181, 37.842685
-122.1959301, 37.842174
-122.1961011, 37.8420049
-122.1959721, 37.8420119
-122.1958311, 37.842004
-122.1957091, 37.84196
-122.1956661, 37.841936
-122.1956231, 37.841913
-122.195335, 37.841688
-122.1952681, 37.84163
-122.1952141, 37.841593
-122.1951241, 37.841553
-122.1949881, 37.8415239
-122.1947711, 37.8414869
-122.1946001, 37.8414679
-122.1944581, 37.8414269
-122.1944521, 37.8414259
-122.1943041, 37.8413659
-122.1941911, 37.8412839
-122.1941241, 37.8411929
-122.1941231, 37.8411639
-122.1941091, 37.8411589
-122.1940281, 37.8411259
-122.1939471, 37.8410279
-122.1939171, 37.840963
-122.1939171, 37.8408589
-122.1939171, 37.8408339
-122.1939231, 37.8407579
-122.1934331, 37.8405449
-122.1919631, 37.8399059
-122.1917941, 37.839833
-122.1917781, 37.839826
-122.1915781, 37.839626
-122.1915401, 37.839594
-122.1913581, 37.83944
-122.1908121, 37.838981
-122.1906301, 37.838828
-122.1903181, 37.838565
-122.1903101, 37.838559
-122.1896791, 37.838027
-122.1896441, 37.83801
-122.1892981, 37.837836
-122.1889251, 37.83765
-122.1889151, 37.837645
-122.1888861, 37.83763
-122.1888771, 37.837626
-122.1881321, 37.837514
-122.1868771, 37.837326
-122.1859031, 37.837143
-122.1852771, 37.837026
-122.1852251, 37.836923
-122.1851141, 37.836703
-122.1847831, 37.836047
-122.1847071, 37.835893
-122.1847031, 37.835887
-122.1846741, 37.835828
-122.1846281, 37.835646
-122.1845751, 37.835427
-122.1845161, 37.835199
-122.18449, 37.835103
-122.184443, 37.8349229
-122.184408, 37.8347929
-122.184305, 37.8344059
-122.184271, 37.8342769
-122.184177, 37.8339259
-122.184179, 37.8339219
-122.184802, 37.8330119
-122.18501, 37.8327089
-122.185085, 37.8326119
-122.185141, 37.8325419
-122.185207, 37.8324339
-122.185251, 37.8323429
-122.185276, 37.8322969
-122.185336, 37.8321899
-122.185375, 37.8321069
-122.185409, 37.8320419
-122.185468, 37.8319449
-122.185516, 37.8318889
-122.185525, 37.8318779
-122.185544, 37.8318589
-122.185584, 37.8318179
-122.185589, 37.8318129
-122.18589, 37.8313569
-122.185977, 37.8312259
-122.186166, 37.8310129
-122.186577, 37.830426
-122.186811, 37.830003
-122.187077, 37.8295259
-122.187134, 37.8290619
-122.187177, 37.8287259
-122.187094, 37.8276649
-122.187068, 37.8273289
-122.187058, 37.8271989
-122.186973, 37.8271459
-122.186858, 37.8270749
-122.186807, 37.827065
-122.186784, 37.8270429
-122.186759, 37.826993
-122.186752, 37.826972
-122.186725, 37.826877
-122.186413, 37.8263809
-122.185877, 37.8255259
-122.186036, 37.8251129
-122.186144, 37.8248289
-122.186355, 37.8242829
-122.186377, 37.8242259
-122.186417, 37.8241299
-122.186611, 37.8236769
-122.186677, 37.8235259
-122.18604, 37.8209789
-122.185977, 37.8207259
-122.181477, 37.8195259
-122.181333, 37.8194193
-122.179093, 37.8177779
-122.176977, 37.8162269
-122.1752445, 37.8158381
-122.172918, 37.8154904
-122.1725357, 37.8154563
-122.170227, 37.8145274
-122.167206, 37.813287
-122.1665116, 37.8130343
-122.1623795, 37.8148751
-122.1569107, 37.8174182
-122.1548097, 37.8163599
-122.1524482, 37.815214
-122.1478129, 37.8133464
-122.14625, 37.8114469
-122.1406077, 37.804815
-122.1328128, 37.8042147
-122.1293225, 37.8039817
-122.126215, 37.8037198
-122.1260758, 37.8037211
-122.0972381, 37.8016105
-122.0615254, 37.798947
-122.0452747, 37.797791
-122.0407087, 37.7943357
-122.040153, 37.793885
-122.0371315, 37.7921501
-122.0343716, 37.7902574
-122.0323225, 37.7888774
-122.030656, 37.7876694
-122.0292324, 37.7872701
-122.0283815, 37.7869927
-122.0270272, 37.7863416
-122.0265585, 37.7861507
-122.0256554, 37.7858301
-122.0243886, 37.7852314
-122.0228262, 37.7845966
-122.0223395, 37.7843717
-122.0219229, 37.7841452
-122.0213502, 37.7837642
-122.0199437, 37.7827836
-122.0189718, 37.7821491
-122.0180512, 37.7816209
-122.017565, 37.7812473
-122.0167664, 37.780995
-122.015742, 37.7807431
-122.0148741, 37.7804745
-122.0138672, 37.7801866
-122.0118531, 37.7781576
-122.0085548, 37.7747276
-122.0044837, 37.7705356
-122.0010717, 37.7670461
-121.9992522, 37.76519
-121.9974608, 37.7633471
-122.0010716, 37.7611426
-122.0056551, 37.7584078
-122.0110033, 37.7550891
-122.0116275, 37.747566
-121.99878, 37.7375074
-121.9948511, 37.7374491
-121.9941271, 37.7374383
-121.986783, 37.7319677
-121.9797167, 37.7297369
-121.9716955, 37.7286351
-121.9600805, 37.7184794
-121.9550914, 37.7197036
-121.9389948, 37.7236537
-121.9173385, 37.7289084
-121.8707181, 37.7402382
-121.8595571, 37.7429579
-121.850737, 37.7450995
-121.8421087, 37.7471948
-121.8126117, 37.7543219
-121.8003362, 37.7572899
-121.7510645, 37.7690506
-121.7510644, 37.7690934
-121.7316192, 37.7738156
-121.6725381, 37.7881907
-121.6417045, 37.7957611
-121.6260617, 37.7995812
-121.5865992, 37.8091111
-121.5771543, 37.8113767
-121.5651402, 37.8143289
-121.5568069, 37.8163246
-121.5567899, 37.8165768
-121.5567027, 37.8168551
-121.556581, 37.8169843
-121.5561821, 37.8171934
-121.5560254, 37.8172547
-121.5556615, 37.8173132
-121.5552097, 37.8175397
-121.5543589, 37.8180182
-121.5541335, 37.818216
-121.5538036, 37.8186085
-121.5534558, 37.8192508
-121.5531263, 37.8199881
-121.5528309, 37.8203089
-121.5524667, 37.8204125
-121.5521538, 37.8204403
-121.5515986, 37.8203613
-121.5513204, 37.8203534
-121.5509912, 37.8204484
-121.5505742, 37.8206393
-121.5503661, 37.8208216
-121.5503313, 37.8210036
-121.5503832, 37.8211417
-121.5506093, 37.8214644
-121.550765, 37.8216286
-121.5513727, 37.8220011
-121.5516682, 37.8222525
-121.552085, 37.8225483
-121.5522061, 37.8227053
-121.5523622, 37.82307
-121.5523626, 37.8232006
-121.552293, 37.823495
-121.5518241, 37.8244152
-121.551529, 37.8252317
-121.551442, 37.8258998
-121.55146, 37.8262898
-121.5515291, 37.8265678
-121.5516333, 37.8267944
-121.5518245, 37.8270806
-121.552137, 37.8277649
-121.5523448, 37.8286506
-121.5523623, 37.8290677
-121.5522412, 37.8294154
-121.5517722, 37.830223
-121.5513554, 37.8307699
-121.5507997, 37.8313601
-121.550505, 37.8317238
-121.54955, 37.8332689
-121.5494114, 37.8334249
-121.549064, 37.8336076
-121.5489422, 37.8336331
-121.5488208, 37.8336249
-121.5487168, 37.8335718
-121.5486302, 37.8333567
-121.5486299, 37.833217
-121.548908, 37.8320443
-121.5488555, 37.8318972
-121.5486995, 37.8316632
-121.5485775, 37.8315491
-121.548439, 37.8315068
-121.5482481, 37.8315067
-121.5480398, 37.8315943
-121.5472757, 37.8320197
-121.547067, 37.8320891
-121.5460082, 37.8322609
-121.5453308, 37.832435
-121.5447406, 37.8325134
-121.5442376, 37.8326265
-121.5433, 37.8329304
-121.5429525, 37.833077
-121.5423797, 37.8333899
-121.5420325, 37.8337033
-121.5418414, 37.8339983
-121.5417198, 37.8342582
-121.5415982, 37.8345878
-121.5415639, 37.8348916
-121.5413727, 37.8354052
-121.541269, 37.8355864
-121.5411122, 37.8357511
-121.5407305, 37.8359943
-121.5405399, 37.836082
-121.5395323, 37.8363579
-121.539151, 37.8365762
-121.5382481, 37.8374437
-121.5377442, 37.8380345
-121.5377094, 37.8382166
-121.537762, 37.8383907
-121.537953, 37.8386162
-121.5387343, 37.8392929
-121.5388207, 37.8395958
-121.5387343, 37.8398313
-121.5386303, 37.8399607
-121.5382655, 37.8402739
-121.5378315, 37.8407776
-121.5376924, 37.8410891
-121.5377271, 37.8414545
-121.5379873, 37.8422712
-121.5380397, 37.8425647
-121.5380225, 37.8427921
-121.5379354, 37.8429915
-121.5374837, 37.8433464
-121.5369807, 37.8438943
-121.5366336, 37.8445277
-121.5365639, 37.8447882
-121.5365986, 37.8460887
-121.5365296, 37.8465586
-121.536321, 37.8468354
-121.5356958, 37.8473053
-121.5353143, 37.8475215
-121.534845, 37.8480157
-121.5345503, 37.8487623
-121.534272, 37.8496826
-121.5343241, 37.8498906
-121.5345155, 37.850125
-121.5346713, 37.8502554
-121.5351228, 37.8505246
-121.5352617, 37.8505782
-121.5358695, 37.8506285
-121.5363903, 37.8507341
-121.5367722, 37.8507772
-121.5372588, 37.8507765
-121.5375883, 37.8506725
-121.5376922, 37.8505611
-121.5378314, 37.8503082
-121.5380396, 37.8496574
-121.5382305, 37.8494232
-121.5386471, 37.8491107
-121.5390467, 37.8489107
-121.5392549, 37.8488412
-121.5396719, 37.8488327
-121.5400189, 37.8488934
-121.5404877, 37.8491111
-121.5406788, 37.8493184
-121.5408526, 37.8498388
-121.5409739, 37.8500656
-121.5413382, 37.850577
-121.5418941, 37.8512013
-121.5419806, 37.8513579
-121.5420505, 37.851593
-121.5420504, 37.8517845
-121.5419812, 37.8521577
-121.5417899, 37.8525316
-121.5414951, 37.8529988
-121.5413905, 37.8533648
-121.5416335, 37.8541181
-121.5416508, 37.8546838
-121.5415991, 37.8549265
-121.5414254, 37.8553434
-121.5413214, 37.8555088
-121.5407658, 37.856081
-121.5405054, 37.8566005
-121.5404356, 37.856906
-121.5405053, 37.8571841
-121.5405921, 37.8572865
-121.5407138, 37.8573916
-121.5409738, 37.8574962
-121.5411821, 37.8575214
-121.5414255, 37.8575041
-121.5417901, 37.8573825
-121.5432307, 37.8567492
-121.5440472, 37.8564461
-121.5448453, 37.8560368
-121.5459395, 37.8555864
-121.5465991, 37.8552812
-121.5471371, 37.8551257
-121.5472934, 37.8551254
-121.5476411, 37.855186
-121.5479008, 37.8553086
-121.5489953, 37.8562278
-121.5493772, 37.856566
-121.5502794, 37.8575031
-121.5508527, 37.8583123
-121.5512174, 37.8591617
-121.5514428, 37.859552
-121.5517207, 37.8603868
-121.5518767, 37.8606907
-121.5520328, 37.8609157
-121.5522067, 37.8610372
-121.5523804, 37.8611249
-121.55271, 37.8612371
-121.5528835, 37.861228
-121.5530052, 37.8611844
-121.5533176, 37.8609067
-121.5534392, 37.8607166
-121.5535087, 37.8605079
-121.5535437, 37.860238
-121.5537694, 37.8594928
-121.5540121, 37.8589978
-121.5542377, 37.8586851
-121.5543767, 37.8585539
-121.5545853, 37.8584235
-121.554759, 37.8583625
-121.5552796, 37.8582248
-121.5565815, 37.8582769
-121.5569983, 37.8583292
-121.5588218, 37.8589622
-121.5591512, 37.8590135
-121.5594639, 37.8590061
-121.559863, 37.8589095
-121.560245, 37.8587025
-121.5608003, 37.8580851
-121.5612176, 37.8575652
-121.5620161, 37.8567234
-121.5621375, 37.8565153
-121.5622067, 37.8562796
-121.5621897, 37.8559775
-121.5621028, 37.8557331
-121.5618596, 37.8553088
-121.5616164, 37.8550309
-121.561408, 37.8547174
-121.5612519, 37.854337
-121.5611999, 37.8540592
-121.5612344, 37.8537375
-121.5613565, 37.8534933
-121.5617034, 37.8533286
-121.561877, 37.8533128
-121.5621893, 37.8533639
-121.5625717, 37.8535713
-121.5627799, 37.8537969
-121.565384, 37.8572173
-121.5658353, 37.8576442
-121.5661482, 37.8578508
-121.5664606, 37.857974
-121.5665991, 37.8579734
-121.5669293, 37.8578693
-121.5671548, 37.8577121
-121.5675024, 37.8571823
-121.5676585, 37.8570446
-121.5679361, 37.856906
-121.5682836, 37.8568696
-121.5688046, 37.8569661
-121.5692208, 37.8571131
-121.5699329, 37.8574349
-121.5703147, 37.8576784
-121.5704533, 37.8578175
-121.5705404, 37.8579898
-121.5704881, 37.8581198
-121.570419, 37.8581978
-121.5701759, 37.8583549
-121.5697421, 37.8585209
-121.5694469, 37.8586931
-121.5687521, 37.8597863
-121.5686135, 37.8600821
-121.568579, 37.8604376
-121.5686831, 37.8606371
-121.5690299, 37.8607855
-121.5693771, 37.8608641
-121.5700542, 37.8608634
-121.5710441, 37.8607425
-121.5725023, 37.8604717
-121.5727977, 37.8604461
-121.5732313, 37.8603589
-121.573405, 37.8603002
-121.5747764, 37.8597356
-121.5758013, 37.859232
-121.5760438, 37.859075
-121.5767208, 37.858486
-121.5771729, 37.8581468
-121.5775197, 37.8579122
-121.5778844, 37.8577205
-121.5781277, 37.8577032
-121.5783187, 37.8577461
-121.5784749, 37.8578246
-121.5787004, 37.8580256
-121.5788739, 37.8582417
-121.5789956, 37.8585294
-121.579117, 37.8591617
-121.5792559, 37.8596297
-121.5792732, 37.859986
-121.5793777, 37.8605346
-121.5793599, 37.8608296
-121.5792905, 37.8611149
-121.5790995, 37.8613672
-121.5788049, 37.8616183
-121.5785443, 37.8617931
-121.577711, 37.8621571
-121.577103, 37.86233
-121.5763567, 37.8626859
-121.5754715, 37.8630514
-121.5743251, 37.8637631
-121.5738259, 37.8642003
-121.5735845, 37.864628
-121.5734987, 37.8649202
-121.5734229, 37.8653429
-121.5734226, 37.8655411
-121.5735092, 37.8658373
-121.573683, 37.8661503
-121.5740304, 37.8665578
-121.5756794, 37.867781
-121.5771729, 37.8686417
-121.5783879, 37.8694134
-121.5788217, 37.8697251
-121.5790999, 37.8699695
-121.5792562, 37.8701945
-121.5793601, 37.8704819
-121.5794298, 37.871028
-121.5794298, 37.8712961
-121.5793778, 37.8716267
-121.5791522, 37.8726851
-121.5788918, 37.8736576
-121.5783708, 37.8750729
-121.5782495, 37.8753171
-121.5772424, 37.8772088
-121.5766345, 37.8783798
-121.5762179, 37.8791611
-121.5757664, 37.8799082
-121.5744938, 37.8818223
-121.5741987, 37.88236
-121.5740002, 37.8828426
-121.5739781, 37.8833112
-121.5740308, 37.8835619
-121.5741522, 37.8838653
-121.5747137, 37.8845997
-121.5754647, 37.8857047
-121.5759046, 37.8867971
-121.5760173, 37.8874872
-121.5759851, 37.8881222
-121.5757759, 37.8886641
-121.5756256, 37.8889181
-121.5752111, 37.8892134
-121.5750031, 37.8893529
-121.5744475, 37.889603
-121.5739787, 37.8897325
-121.5721034, 37.890228
-121.5718081, 37.8902829
-121.5710274, 37.8905168
-121.5701591, 37.8907947
-121.569378, 37.8910871
-121.5686573, 37.8914244
-121.5680457, 37.8918096
-121.567503, 37.8924837
-121.5672772, 37.8932065
-121.5668949, 37.8944455
-121.5667217, 37.8949075
-121.5663049, 37.8961732
-121.5661829, 37.8967034
-121.5660444, 37.8975444
-121.566085, 37.8979585
-121.5662009, 37.8985286
-121.5664437, 37.8989461
-121.5667216, 37.89931
-121.5671384, 37.8997432
-121.5673116, 37.8999751
-121.5677634, 37.9003591
-121.5680584, 37.9005069
-121.5688747, 37.9010801
-121.5696033, 37.901445
-121.5715136, 37.9024686
-121.5717564, 37.9026247
-121.5720688, 37.9027547
-121.5722775, 37.902996
-121.5725203, 37.9034496
-121.5725899, 37.9037117
-121.5725896, 37.9040993
-121.5725378, 37.9042745
-121.5724334, 37.9044894
-121.5720689, 37.9050032
-121.5715133, 37.9054201
-121.5700721, 37.9062361
-121.5684748, 37.9069648
-121.5668261, 37.9077468
-121.5665655, 37.9078743
-121.5656973, 37.9084675
-121.5651936, 37.9087453
-121.5633538, 37.9100566
-121.5628261, 37.9104725
-121.5625206, 37.9109297
-121.562468, 37.9110778
-121.5624682, 37.9112445
-121.5625721, 37.9117549
-121.56285, 37.9122315
-121.5630241, 37.9124228
-121.5636664, 37.9132824
-121.5639963, 37.9137956
-121.5654721, 37.9162965
-121.5657318, 37.9170521
-121.5657671, 37.9172509
-121.5657324, 37.9174938
-121.5656455, 37.9177631
-121.5655416, 37.9179871
-121.5650894, 37.9186395
-121.564656, 37.9190307
-121.5644302, 37.9191947
-121.5639613, 37.9193962
-121.5596382, 37.9202446
-121.5587356, 37.9203688
-121.5584232, 37.9204866
-121.5580586, 37.9205588
-121.557746, 37.9206811
-121.5573988, 37.920776
-121.5570518, 37.9208077
-121.5567566, 37.9208897
-121.5564094, 37.9209306
-121.5557149, 37.9210708
-121.55542, 37.9212428
-121.5551419, 37.9214963
-121.554968, 37.9216969
-121.5548812, 37.9218851
-121.554864, 37.9220787
-121.5550552, 37.9224054
-121.5553674, 37.9226931
-121.5561314, 37.9232928
-121.5564096, 37.9233954
-121.5567564, 37.9236205
-121.5572772, 37.9238656
-121.5574506, 37.923976
-121.5579024, 37.9244051
-121.5580934, 37.9246372
-121.5584056, 37.9251051
-121.5587014, 37.9259469
-121.5587705, 37.9262677
-121.5588574, 37.9272782
-121.5587708, 37.9277097
-121.5587534, 37.9280159
-121.558684, 37.9282945
-121.5583542, 37.929124
-121.5579546, 37.9297004
-121.557347, 37.9303689
-121.5570516, 37.9305996
-121.5568954, 37.9307734
-121.5568258, 37.9309483
-121.5567916, 37.9315292
-121.5568438, 37.9318182
-121.5569479, 37.9320493
-121.5571038, 37.9323306
-121.557312, 37.9325629
-121.5581283, 37.9332218
-121.5589446, 37.9337095
-121.5592223, 37.9337939
-121.5597777, 37.9340486
-121.5601771, 37.9342473
-121.560524, 37.9344723
-121.5607325, 37.9346461
-121.5614271, 37.9353575
-121.5616701, 37.9357301
-121.5617568, 37.9361412
-121.5618432, 37.9370254
-121.5618087, 37.9377009
-121.5617565, 37.9380067
-121.56167, 37.9382129
-121.5611665, 37.9390494
-121.5609756, 37.9395427
-121.5609238, 37.9400468
-121.5609236, 37.9404974
-121.5610101, 37.9408364
-121.56134, 37.9413902
-121.5617391, 37.9417466
-121.5621912, 37.9420946
-121.562399, 37.9422323
-121.5626775, 37.9423618
-121.5631636, 37.9427102
-121.5633025, 37.9428472
-121.5634928, 37.9432234
-121.5635452, 37.9435711
-121.5634235, 37.9439346
-121.5632498, 37.9442299
-121.5630587, 37.9444393
-121.5628507, 37.9446035
-121.5622602, 37.9448712
-121.5618089, 37.9449603
-121.5616007, 37.9449487
-121.5609233, 37.9447782
-121.5602288, 37.9447156
-121.5596562, 37.9447942
-121.5590315, 37.9449849
-121.5582328, 37.9455294
-121.5580242, 37.9457205
-121.5577293, 37.9461045
-121.5576768, 37.9462795
-121.5576941, 37.946487
-121.5577468, 37.9466319
-121.5580939, 37.9470327
-121.5584407, 37.9472262
-121.5587015, 37.9473105
-121.5591004, 37.9473559
-121.5593262, 37.9473452
-121.5601073, 37.9474043
-121.560941, 37.9472568
-121.5616879, 37.9470406
-121.5624341, 37.9467118
-121.5628682, 37.9464783
-121.5634408, 37.9460076
-121.5643437, 37.9449327
-121.5647435, 37.944532
-121.5655241, 37.9440639
-121.5661143, 37.9438142
-121.5667048, 37.9436908
-121.5672256, 37.9437241
-121.5675033, 37.9438492
-121.5680416, 37.9441532
-121.5682329, 37.9443763
-121.5684234, 37.9447436
-121.5686496, 37.9454087
-121.5687189, 37.9457566
-121.5688056, 37.9464966
-121.5688233, 37.9471277
-121.5687536, 37.9474919
-121.5687015, 37.9480815
-121.5686145, 37.9483192
-121.5681979, 37.9490036
-121.5675031, 37.9497567
-121.5672607, 37.9500782
-121.5667049, 37.9505761
-121.5664273, 37.9507665
-121.5659061, 37.9511928
-121.5656636, 37.9513024
-121.5646908, 37.9518763
-121.5642394, 37.9521908
-121.5638061, 37.952564
-121.5634414, 37.9532399
-121.5633546, 37.9536039
-121.5633367, 37.9540137
-121.5633718, 37.9541854
-121.5634409, 37.9543665
-121.563563, 37.9545257
-121.5637711, 37.9546904
-121.5642051, 37.9548624
-121.5644655, 37.9548972
-121.5655767, 37.9548972
-121.5660278, 37.9548532
-121.5663749, 37.9547763
-121.5679373, 37.9546196
-121.5684582, 37.9546124
-121.5692914, 37.9545234
-121.5701252, 37.9544885
-121.5705767, 37.954431
-121.5709587, 37.9543499
-121.5716353, 37.9541238
-121.5718784, 37.9540998
-121.5721391, 37.9540128
-121.5726943, 37.9539159
-121.5732155, 37.9538907
-121.5737363, 37.953933
-121.5740667, 37.9540632
-121.5742399, 37.954187
-121.5746915, 37.9545936
-121.5748826, 37.9549834
-121.5750383, 37.9554269
-121.575021, 37.9555844
-121.5748823, 37.9559567
-121.5742575, 37.956589
-121.5740662, 37.9567308
-121.5737709, 37.956885
-121.5731463, 37.9571027
-121.5720348, 37.9573371
-121.571792, 37.9574603
-121.5715836, 37.9574938
-121.5712186, 37.9576426
-121.5710631, 37.9576677
-121.5703332, 37.9576994
-121.5699689, 37.9576679
-121.5697089, 37.9576152
-121.56825, 37.9575253
-121.5671389, 37.9577101
-121.5666701, 37.9577449
-121.5661494, 37.9578242
-121.5658542, 37.9578927
-121.5653684, 37.9580399
-121.5651601, 37.9581366
-121.5649518, 37.9583188
-121.5647084, 37.9586132
-121.5646218, 37.9587878
-121.5645699, 37.9591433
-121.564622, 37.9594278
-121.564778, 37.9597856
-121.5652292, 37.9602553
-121.5654033, 37.9603746
-121.566167, 37.9607219
-121.5666358, 37.9608943
-121.5682154, 37.9616931
-121.568962, 37.9620085
-121.5698128, 37.9624921
-121.571566, 37.9635768
-121.5720348, 37.963916
-121.5722435, 37.9641934
-121.5724345, 37.9643309
-121.5727991, 37.9647499
-121.5730244, 37.9651987
-121.5731638, 37.9656511
-121.5733374, 37.9665634
-121.5732855, 37.967153
-121.5732676, 37.9680045
-121.5730244, 37.9694974
-121.5730593, 37.9701242
-121.5731286, 37.9704359
-121.5733718, 37.9713221
-121.5735107, 37.9715806
-121.5737016, 37.9717903
-121.5740317, 37.9720827
-121.5747259, 37.9726498
-121.575577, 37.9731243
-121.5760454, 37.9733327
-121.5765667, 37.9736049
-121.577747, 37.9743491
-121.5790839, 37.9750188
-121.5795873, 37.9754078
-121.579848, 37.9758075
-121.5799519, 37.9760611
-121.5799869, 37.9762418
-121.5798997, 37.9767093
-121.5797958, 37.9768929
-121.5795008, 37.9772408
-121.5792753, 37.9773868
-121.5788927, 37.9775624
-121.5786148, 37.9776492
-121.57832, 37.9776996
-121.5780252, 37.9777095
-121.5766532, 37.9776749
-121.5742575, 37.9772944
-121.5736323, 37.9773545
-121.5732157, 37.9775116
-121.5727989, 37.9776147
-121.5722606, 37.9780723
-121.5721221, 37.9782824
-121.5720177, 37.9785606
-121.5721042, 37.9791608
-121.5722955, 37.9795056
-121.5724349, 37.9796605
-121.5728163, 37.9799852
-121.5729898, 37.9800684
-121.5731982, 37.9802196
-121.5736671, 37.9803649
-121.5748997, 37.9805917
-121.5774522, 37.9807398
-121.5779555, 37.9807999
-121.5783373, 37.9808947
-121.5793099, 37.9811993
-121.579709, 37.9813889
-121.58049, 37.9819616
-121.5810283, 37.9824322
-121.5811851, 37.9827856
-121.5812718, 37.9832373
-121.5812718, 37.9834986
-121.5811845, 37.9841149
-121.5810978, 37.9844788
-121.5808899, 37.9852199
-121.5805947, 37.9859463
-121.5802645, 37.9869877
-121.5801259, 37.9885947
-121.5798134, 37.9899653
-121.5796395, 37.9903822
-121.5792233, 37.9908954
-121.578546, 37.9916172
-121.5779727, 37.9921465
-121.5770701, 37.9927529
-121.5763065, 37.9934016
-121.5759073, 37.9938788
-121.575803, 37.9942291
-121.5758204, 37.9945762
-121.5758726, 37.9947932
-121.5760112, 37.9951328
-121.5760982, 37.995269
-121.576428, 37.9955479
-121.5767578, 37.9957637
-121.5782683, 37.9969265
-121.5786327, 37.9972644
-121.5787547, 37.9974731
-121.5788241, 37.9977173
-121.578772, 37.997942
-121.5786504, 37.9981929
-121.5785457, 37.9983402
-121.5783894, 37.9984736
-121.578112, 37.998646
-121.5777474, 37.9988038
-121.5774521, 37.9988723
-121.5768796, 37.9988473
-121.5761324, 37.9987257
-121.5753687, 37.9985767
-121.5746746, 37.9984015
-121.5740839, 37.9983178
-121.5734588, 37.9982921
-121.5725738, 37.9981868
-121.5721048, 37.9981856
-121.5714625, 37.9982454
-121.5708372, 37.9984045
-121.5701433, 37.9988738
-121.5696398, 37.999512
-121.5694489, 37.9999242
-121.569483, 37.9999201
-121.569414, 38.000104
-121.5689104, 38.0011118
-121.5683199, 38.0021544
-121.5682511, 38.002406
-121.5682856, 38.0027173
-121.5687192, 38.0032904
-121.5688754, 38.0033509
-121.5689976, 38.003438
-121.5695699, 38.003544
-121.5698998, 38.0035345
-121.5705773, 38.0036194
-121.5731986, 38.003525
-121.5750215, 38.0033444
-121.5754034, 38.0033671
-121.5760287, 38.0034287
-121.576289, 38.0035175
-121.5766711, 38.0035942
-121.5776435, 38.0038899
-121.5779383, 38.0040286
-121.5782508, 38.0042171
-121.5784423, 38.0043997
-121.5786848, 38.0047046
-121.5788932, 38.0050855
-121.5790496, 38.0056507
-121.5793965, 38.0066237
-121.5795532, 38.0073601
-121.579588, 38.0076985
-121.5795357, 38.0081935
-121.5792751, 38.0090014
-121.5790146, 38.0095931
-121.5785982, 38.0101063
-121.5783896, 38.0102885
-121.5777995, 38.0106508
-121.5774522, 38.0108314
-121.576532, 38.0111897
-121.5755423, 38.0114165
-121.5743795, 38.0116142
-121.5736503, 38.0116595
-121.5726782, 38.0116747
-121.5717402, 38.0115552
-121.5702477, 38.0113117
-121.56931, 38.0113184
-121.5689977, 38.0113821
-121.5687023, 38.0113785
-121.5682686, 38.0114228
-121.5675392, 38.0115806
-121.5669484, 38.0119114
-121.5667401, 38.0121161
-121.5666189, 38.0122634
-121.5664798, 38.0126131
-121.56648, 38.0128565
-121.5665322, 38.0131004
-121.5666539, 38.0133948
-121.5667928, 38.0136128
-121.5669141, 38.0137855
-121.5671569, 38.0140363
-121.5675044, 38.0142883
-121.5688934, 38.0149496
-121.5693449, 38.0150858
-121.5698307, 38.0152945
-121.5701954, 38.015398
-121.5709589, 38.0157453
-121.5716711, 38.016137
-121.5721228, 38.0165615
-121.5723481, 38.0170554
-121.5723311, 38.0173887
-121.5722266, 38.0177073
-121.5719144, 38.018019
-121.5713416, 38.0183319
-121.5709417, 38.0184307
-121.5705599, 38.0185838
-121.5702999, 38.0185941
-121.5697789, 38.0186869
-121.5691019, 38.0187237
-121.5684939, 38.0186893
-121.5682684, 38.018637
-121.5678166, 38.0185865
-121.5674351, 38.0184737
-121.5670186, 38.0182883
-121.5664972, 38.0181152
-121.5660287, 38.0178978
-121.5651433, 38.0176571
-121.5648307, 38.0175181
-121.5640147, 38.0170485
-121.5636499, 38.0168052
-121.5632336, 38.016647
-121.5629552, 38.0164994
-121.5625046, 38.0163181
-121.5617056, 38.0158578
-121.5610111, 38.0155879
-121.560421, 38.015477
-121.5595526, 38.0154258
-121.559188, 38.0154619
-121.558945, 38.0154409
-121.5587369, 38.0154879
-121.5584418, 38.0154708
-121.5579034, 38.0156264
-121.5576432, 38.015817
-121.5575391, 38.0160049
-121.557331, 38.0166737
-121.5573479, 38.0170479
-121.5574865, 38.0175273
-121.5576954, 38.0179174
-121.5581467, 38.0186124
-121.5582684, 38.018722
-121.5584418, 38.0189584
-121.5588757, 38.0193468
-121.559258, 38.019775
-121.5599872, 38.0204238
-121.5602127, 38.0206834
-121.5607853, 38.0211546
-121.5610634, 38.0213112
-121.5620703, 38.0222923
-121.5623306, 38.0226019
-121.5625214, 38.0228881
-121.5629211, 38.0236095
-121.5631297, 38.0241573
-121.5634244, 38.0252513
-121.5635458, 38.0259648
-121.5635808, 38.026943
-121.5634245, 38.0282388
-121.5634242, 38.0289417
-121.5634768, 38.0294245
-121.5636852, 38.0299813
-121.5640149, 38.0302422
-121.5641713, 38.0302937
-121.5644138, 38.0304498
-121.5645875, 38.0305286
-121.5651783, 38.0306845
-121.5653868, 38.0306239
-121.5655778, 38.0306172
-121.5658032, 38.0304848
-121.5661852, 38.0303634
-121.5668968, 38.0298764
-121.5671745, 38.0297671
-121.5675218, 38.029582
-121.5685804, 38.0293742
-121.5688759, 38.0293417
-121.569414, 38.0293573
-121.5700041, 38.0294366
-121.5702303, 38.0295294
-121.5704209, 38.0295723
-121.5705944, 38.0296961
-121.5707162, 38.0297381
-121.5708901, 38.0298709
-121.5712721, 38.0302586
-121.5714282, 38.0305038
-121.5715846, 38.0309293
-121.5715844, 38.0310825
-121.5711156, 38.0330008
-121.5708381, 38.0337996
-121.5706987, 38.0341133
-121.5706123, 38.0344592
-121.5705253, 38.0350844
-121.5705424, 38.036441
-121.5706466, 38.0381861
-121.5709245, 38.0395467
-121.5712786, 38.0405818
-121.571858, 38.0414986
-121.5722281, 38.0420183
-121.5729362, 38.0426097
-121.5736278, 38.0429279
-121.5744664, 38.0431171
-121.5749697, 38.0431321
-121.5765062, 38.0430977
-121.5774504, 38.0429498
-121.5783838, 38.0426245
-121.579167, 38.0421091
-121.5795854, 38.0417373
-121.5800199, 38.0411881
-121.5803793, 38.0404994
-121.5805349, 38.0397474
-121.5805349, 38.0392404
-121.5803901, 38.0386109
-121.5802291, 38.0380152
-121.5798751, 38.0374913
-121.5785608, 38.0361646
-121.5782336, 38.0354886
-121.577842, 38.0347449
-121.5776781, 38.0340898
-121.5777301, 38.0334281
-121.5778346, 38.0332176
-121.578477, 38.0323332
-121.5791018, 38.0319937
-121.5795533, 38.0319091
-121.580074, 38.0318568
-121.5805076, 38.0319341
-121.5807687, 38.0320229
-121.5809768, 38.0321696
-121.5811505, 38.0322393
-121.5814631, 38.0324999
-121.5821922, 38.0332116
-121.5826263, 38.0338883
-121.5831468, 38.0348589
-121.583703, 38.0360777
-121.5838237, 38.0365703
-121.5840502, 38.0382358
-121.5840328, 38.038551
-121.5839804, 38.0389063
-121.5838412, 38.0394363
-121.5838066, 38.0398595
-121.5834946, 38.0414239
-121.5831817, 38.042542
-121.5830082, 38.0433421
-121.5828519, 38.0442458
-121.5827648, 38.0445468
-121.5826783, 38.0453027
-121.5824524, 38.046449
-121.5821229, 38.0477698
-121.5817234, 38.0499054
-121.5816366, 38.0512245
-121.5817063, 38.0523068
-121.5818102, 38.0530471
-121.5818971, 38.0534537
-121.5820365, 38.053879
-121.58221, 38.0547057
-121.582331, 38.0557705
-121.5824182, 38.0562672
-121.5829213, 38.0581748
-121.582939, 38.0585941
-121.5829037, 38.0590533
-121.5826091, 38.0602574
-121.5824872, 38.0605893
-121.5822617, 38.0609876
-121.5807861, 38.0626551
-121.5801612, 38.0632468
-121.5797444, 38.0638366
-121.5795709, 38.0642671
-121.5794664, 38.0649463
-121.5796401, 38.0661019
-121.5799695, 38.0670015
-121.5800225, 38.0680261
-121.5800225, 38.0682108
-121.5799356, 38.0684351
-121.5797962, 38.0686767
-121.5790673, 38.0696321
-121.5784247, 38.0701877
-121.5766364, 38.0708734
-121.5755428, 38.0712477
-121.573998, 38.071648
-121.5725744, 38.0721354
-121.5717727, 38.0724832
-121.5709895, 38.0728971
-121.5705082, 38.0732007
-121.5698484, 38.0739632
-121.5693101, 38.0745289
-121.5691539, 38.0747568
-121.5689455, 38.0753175
-121.5689807, 38.0756334
-121.5690503, 38.0757964
-121.5692059, 38.0759606
-121.5702653, 38.0767665
-121.5710468, 38.0772537
-121.5723843, 38.0785219
-121.5726954, 38.0791215
-121.5729213, 38.0800477
-121.5729909, 38.0804991
-121.5731126, 38.0831907
-121.5732339, 38.0846836
-121.5734248, 38.0863352
-121.5735466, 38.0880264
-121.5738421, 38.0900216
-121.5740324, 38.0909341
-121.5743454, 38.0918482
-121.5747969, 38.0928179
-121.5755261, 38.0940704
-121.5757164, 38.0944917
-121.5770359, 38.096576
-121.5776262, 38.09716
-121.5781304, 38.0975129
-121.5792241, 38.0980444
-121.5797272, 38.0982352
-121.5803873, 38.098419
-121.5813247, 38.0986331
-121.5834602, 38.0990329
-121.5848664, 38.0992661
-121.5871928, 38.0998213
-121.5884946, 38.1000577
-121.5891894, 38.1002148
-121.5896757, 38.1003604
-121.592922, 38.1009354
-121.5939638, 38.1012138
-121.5950402, 38.1015421
-121.5985299, 38.1027058
-121.601221, 38.1034454
-121.6015852, 38.1035218
-121.6020018, 38.1035718
-121.6033905, 38.1039037
-121.6050398, 38.1042433
-121.6057697, 38.1043646
-121.6066201, 38.1044422
-121.6072107, 38.1044583
-121.6075404, 38.1045117
-121.6082348, 38.104502
-121.6088077, 38.1043645
-121.6091725, 38.1042247
-121.6097453, 38.1040512
-121.6104572, 38.1038749
-121.6117589, 38.1036425
-121.614433, 38.1029125
-121.6147449, 38.1028081
-121.6187385, 38.1019495
-121.6214119, 38.1017781
-121.6222281, 38.1016975
-121.6238081, 38.1014547
-121.6245193, 38.1011927
-121.625023, 38.1009778
-121.6253879, 38.1007883
-121.6260643, 38.1005979
-121.6265333, 38.1004142
-121.6269154, 38.1001798
-121.62787, 38.099443
-121.6284258, 38.098697
-121.6288423, 38.097724
-121.6289467, 38.0972116
-121.6289988, 38.0958739
-121.62886, 38.0947638
-121.6285303, 38.0927998
-121.6285126, 38.0922995
-121.6286863, 38.0916977
-121.6290679, 38.0909947
-121.6300749, 38.0901953
-121.6304573, 38.089979
-121.6317245, 38.0894846
-121.6321063, 38.0892322
-121.6324536, 38.0890605
-121.6354052, 38.0878196
-121.6360994, 38.0876609
-121.6366205, 38.0875769
-121.6379396, 38.0874976
-121.6389992, 38.0875053
-121.6400235, 38.0875758
-121.6404571, 38.0876259
-121.6411341, 38.087751
-121.6421068, 38.0878253
-121.6442071, 38.088174
-121.6452664, 38.088434
-121.6464121, 38.0889114
-121.6489319, 38.0904668
-121.6518811, 38.0923223
-121.6528357, 38.0928965
-121.6551446, 38.0940675
-121.6579228, 38.0951536
-121.6588254, 38.0954208
-121.6606834, 38.0958116
-121.662298, 38.0959967
-121.6647891, 38.0958707
-121.6680794, 38.0952739
-121.6708049, 38.0946738
-121.6718291, 38.09437
-121.6736348, 38.0936334
-121.6742775, 38.0932937
-121.6746941, 38.0930371
-121.6773154, 38.0912191
-121.6788607, 38.0895467
-121.6792601, 38.0889744
-121.6799719, 38.0878379
-121.6804227, 38.0868652
-121.68084, 38.0853784
-121.6810825, 38.0832633
-121.6810998, 38.0828174
-121.6809268, 38.0807426
-121.6807182, 38.0797039
-121.680093, 38.0769842
-121.6800065, 38.0758478
-121.67985, 38.0749177
-121.6795722, 38.0736079
-121.6792074, 38.0702738
-121.6790687, 38.0679651
-121.6790861, 38.0669605
-121.6792771, 38.0655702
-121.6799365, 38.0630182
-121.6802837, 38.0621615
-121.6811168, 38.0605622
-121.6812911, 38.0603027
-121.6823499, 38.0593369
-121.6827146, 38.0591381
-121.6830792, 38.0588719
-121.6837559, 38.0583207
-121.68485, 38.0575308
-121.6858219, 38.0569154
-121.6864992, 38.0563687
-121.688305, 38.0551001
-121.6905007, 38.0533164
-121.691569, 38.0523428
-121.6923326, 38.0515762
-121.6931658, 38.0505536
-121.694555, 38.0490506
-121.6965858, 38.047158
-121.6995722, 38.0445189
-121.7006659, 38.0437245
-121.7015514, 38.0429772
-121.7024542, 38.0423519
-121.7044507, 38.0412564
-121.7056487, 38.0406928
-121.7073848, 38.0398152
-121.70952, 38.038924
-121.7147286, 38.0373183
-121.7179236, 38.0364517
-121.7199546, 38.0358388
-121.7225156, 38.0346771
-121.7245373, 38.0334959
-121.7273865, 38.0314321
-121.7292946, 38.030312
-121.7305443, 38.0297037
-121.7325238, 38.028959
-121.73452, 38.0282866
-121.7414645, 38.0260766
-121.7470726, 38.0248252
-121.7491875, 38.0244344
-121.7524721, 38.0241572
-121.7582358, 38.0240516
-121.7588958, 38.024018
-121.7601974, 38.0239326
-121.7634617, 38.023557
-121.7642953, 38.0233494
-121.765823, 38.0229059
-121.7675421, 38.0223426
-121.7689483, 38.0217536
-121.7699378, 38.0214214
-121.7704235, 38.0212057
-121.7778368, 38.0189579
-121.7787571, 38.0188007
-121.7792262, 38.0186794
-121.7805632, 38.0185221
-121.7812053, 38.0185243
-121.7818131, 38.0184179
-121.7825424, 38.0183579
-121.7835841, 38.0183146
-121.7852332, 38.0183497
-121.7856325, 38.0183133
-121.7869869, 38.0183498
-121.7883929, 38.0182697
-121.7887405, 38.0183138
-121.7891223, 38.0182997
-121.7903725, 38.0183487
-121.791223, 38.0184521
-121.7915523, 38.0185591
-121.792369, 38.0186982
-121.7927685, 38.0188284
-121.7930807, 38.0188542
-121.7949729, 38.0193061
-121.7959454, 38.019573
-121.7963796, 38.0197126
-121.7967614, 38.0199193
-121.797629, 38.0201985
-121.7984452, 38.0205449
-121.8001313, 38.020934
-121.8012888, 38.021131
-121.8034461, 38.0210878
-121.8053789, 38.0208337
-121.8077252, 38.020381
-121.8092909, 38.0201697
-121.8115228, 38.0201838
-121.8136106, 38.020374
-121.8156553, 38.0208945
-121.8188917, 38.0222358
-121.8209493, 38.0234739
-121.8239543, 38.0255743
-121.830099, 38.0290555
-121.8313029, 38.0300593
-121.8322315, 38.0311461
-121.8328216, 38.0323325
-121.8332209, 38.0328818
-121.8337414, 38.0338693
-121.834037, 38.0343138
-121.834679, 38.0351042
-121.8353736, 38.0358141
-121.8359817, 38.0365456
-121.837301, 38.0379601
-121.83803, 38.0386973
-121.8386728, 38.0395824
-121.8390718, 38.0404244
-121.8393321, 38.0412066
-121.8396624, 38.0420795
-121.8397314, 38.0424047
-121.839905, 38.0430011
-121.8404606, 38.044719
-121.8406345, 38.0455183
-121.8407561, 38.045943
-121.8410687, 38.0475233
-121.8412422, 38.0481739
-121.8414849, 38.0489558
-121.8415722, 38.0493803
-121.8416764, 38.0501879
-121.8416934, 38.0505081
-121.8416764, 38.0508594
-121.8417108, 38.0512563
-121.8418153, 38.0519512
-121.8422316, 38.0532801
-121.842562, 38.0541576
-121.8428744, 38.054814
-121.843239, 38.0554935
-121.8437077, 38.0561786
-121.8440028, 38.0566636
-121.8456176, 38.0588064
-121.8463638, 38.0596068
-121.8468677, 38.0601796
-121.8472842, 38.0606072
-121.8484302, 38.0616639
-121.8488814, 38.0620558
-121.8497666, 38.0627134
-121.8503398, 38.0631065
-121.8512947, 38.0638188
-121.851746, 38.0641116
-121.8522668, 38.0643916
-121.8542636, 38.0651366
-121.8552709, 38.0654213
-121.8562082, 38.0656647
-121.8567115, 38.0657372
-121.8571626, 38.0658227
-121.8584996, 38.0658898
-121.8595592, 38.0660217
-121.8601494, 38.06605
-121.8607221, 38.0661006
-121.8613122, 38.0660839
-121.8628054, 38.0660983
-121.8628399, 38.0658057
-121.8629441, 38.0653291
-121.8629962, 38.0649556
-121.8632573, 38.0640254
-121.8634305, 38.0635133
-121.8637082, 38.0630203
-121.8639691, 38.0624551
-121.864142, 38.0621864
-121.8643684, 38.0616568
-121.8645938, 38.0612129
-121.8652881, 38.0600345
-121.865722, 38.0594349
-121.8671629, 38.0572814
-121.8674761, 38.0568382
-121.8686388, 38.0555877
-121.8689339, 38.0552075
-121.86916, 38.0549529
-121.8697081, 38.0545269
-121.8725394, 38.0521637
-121.8746164, 38.0508444
-121.8755065, 38.0505164
-121.8764834, 38.0498697
-121.8829079, 38.0480353
-121.8876147, 38.0469049
-121.8945169, 38.0458463
-121.8975072, 38.0454689
-121.9083454, 38.0450506
-121.9137869, 38.0452007
-121.922484, 38.0459044
-121.9255861, 38.0465269
-121.9281, 38.0470831
-121.9307589, 38.0475404
-121.9326862, 38.0480446
-121.9343176, 38.0485236
-121.9361755, 38.0491487
-121.9378074, 38.0498395
-121.939839, 38.0506329
-121.9420262, 38.0513962
-121.943815, 38.0519845
-121.9454466, 38.052549
-121.9493879, 38.0536522
-121.9525648, 38.0543295
-121.9571836, 38.0551547
-121.9593185, 38.0554575
-121.9604648, 38.0556569
-121.9637808, 38.0560647
-121.9672705, 38.056136
-121.9712459, 38.0559005
-121.9739548, 38.0556674
-121.9763333, 38.0555259
-121.9772703, 38.0554575
-121.9798229, 38.0554932
-121.9810039, 38.0555801
-121.9840243, 38.0559442
-121.9859172, 38.0561453
-121.9894757, 38.0566492
-121.9919065, 38.0569494
-121.9948582, 38.0572901
-121.9973412, 38.0576448
-122.0003444, 38.0579138
-122.0016981, 38.0581146
-122.0036254, 38.0583562
-122.0049448, 38.0585568
-122.0063168, 38.0587216
-122.0068553, 38.0587982
-122.0073584, 38.0588881
-122.0086254, 38.059016
-122.0094072, 38.0591623
-122.0097714, 38.0591924
-122.0105704, 38.0593298
-122.0109524, 38.0593736
-122.0113691, 38.0594762
-122.0117336, 38.0595019
-122.0121846, 38.0596002
-122.0126018, 38.0596263
-122.0129832, 38.0597106
-122.0134004, 38.0597366
-122.0141641, 38.0598917
-122.0144593, 38.0599302
-122.0148414, 38.0600146
-122.0156571, 38.0601296
-122.0159698, 38.0601953
-122.016803, 38.0603195
-122.0179838, 38.0606222
-122.0182961, 38.0606474
-122.0185913, 38.0607355
-122.0189043, 38.0607786
-122.0191471, 38.0608303
-122.0197028, 38.0609971
-122.0199628, 38.0610579
-122.0203449, 38.0611963
-122.0206572, 38.061289
-122.0209528, 38.0613501
-122.0214384, 38.0615794
-122.0217166, 38.0616629
-122.0223586, 38.0619251
-122.0226538, 38.0620041
-122.0237307, 38.0622474
-122.0239911, 38.0623262
-122.0242682, 38.062378
-122.0248938, 38.062532
-122.0255884, 38.0626459
-122.0259528, 38.0626804
-122.026335, 38.0627647
-122.0266299, 38.0627672
-122.0268899, 38.0628189
-122.0272549, 38.0628535
-122.0288694, 38.0631642
-122.0291469, 38.0632521
-122.029442, 38.0632951
-122.030623, 38.0635302
-122.0313176, 38.0637027
-122.0319249, 38.0638339
-122.0322897, 38.0639405
-122.032776, 38.0640257
-122.0331923, 38.0641192
-122.0337826, 38.0642007
-122.0348068, 38.0643803
-122.0351887, 38.0644872
-122.0356059, 38.0645717
-122.0360398, 38.0646158
-122.0363869, 38.0647132
-122.0367692, 38.064748
-122.0371513, 38.0648412
-122.0375331, 38.064903
-122.0379498, 38.0650055
-122.0386265, 38.0651282
-122.0395992, 38.0652217
-122.0400331, 38.0652839
-122.0405541, 38.0653287
-122.0411786, 38.0653519
-122.0419251, 38.0653534
-122.0423597, 38.065312
-122.0431058, 38.065291
-122.0434531, 38.0652668
-122.0438874, 38.0652929
-122.0464215, 38.065354
-122.046891, 38.0653082
-122.0476028, 38.0653005
-122.0479671, 38.0652314
-122.0484012, 38.0652214
-122.0487659, 38.0651702
-122.0490438, 38.0651635
-122.0499811, 38.0650855
-122.051179, 38.0649555
-122.0515614, 38.0648685
-122.0520646, 38.0647283
-122.0532796, 38.0644407
-122.0542176, 38.064241
-122.0550334, 38.0640178
-122.0554499, 38.06394
-122.0557796, 38.0638346
-122.0562312, 38.06373
-122.0565437, 38.0636334
-122.0569259, 38.0635553
-122.0572905, 38.0635223
-122.0576203, 38.0634078
-122.0580372, 38.0632984
-122.0583493, 38.0631748
-122.0588357, 38.0630255
-122.0596165, 38.0628109
-122.0603456, 38.0625689
-122.0609361, 38.0623483
-122.0619781, 38.0620908
-122.0625686, 38.0618882
-122.0644608, 38.0614482
-122.0649645, 38.0612809
-122.0653461, 38.0611714
-122.0666652, 38.0606996
-122.0669779, 38.0605445
-122.0672036, 38.0603795
-122.0679503, 38.060043
-122.068245, 38.0598831
-122.0687837, 38.0596486
-122.069027, 38.0595198
-122.0695299, 38.0591903
-122.0698948, 38.0589048
-122.0701204, 38.0587579
-122.0703462, 38.0586425
-122.0706935, 38.0584965
-122.0709709, 38.058305
-122.0719087, 38.0578438
-122.0722389, 38.057594
-122.0724816, 38.0574382
-122.0727072, 38.0572282
-122.0730722, 38.0569788
-122.0736104, 38.0565594
-122.0738186, 38.0563718
-122.0746168, 38.0557203
-122.0748605, 38.0555554
-122.0759369, 38.0549285
-122.0761972, 38.0547909
-122.0764574, 38.0546172
-122.0776209, 38.0541486
-122.0780025, 38.0540345
-122.0788189, 38.053757
-122.0796001, 38.0535469
-122.0801033, 38.0533571
-122.0811973, 38.0529826
-122.0823779, 38.0526133
-122.0827251, 38.0525349
-122.0833501, 38.0523415
-122.083645, 38.052177
-122.0839748, 38.0520535
-122.0845999, 38.0517519
-122.0849296, 38.0516373
-122.0856073, 38.0513362
-122.0862492, 38.0511024
-122.0864577, 38.0509959
-122.087048, 38.0507797
-122.0877426, 38.0504921
-122.0884021, 38.0502764
-122.089201, 38.0500663
-122.0899125, 38.0499097
-122.0911803, 38.0496942
-122.0918225, 38.0496
-122.0924302, 38.0494155
-122.0928294, 38.0493464
-122.0932979, 38.0492419
-122.0943052, 38.0490604
-122.0950514, 38.048967
-122.095381, 38.0488614
-122.0957116, 38.0488099
-122.0960415, 38.0486863
-122.0963713, 38.0486257
-122.096718, 38.0485247
-122.0976382, 38.0482975
-122.0980202, 38.0481653
-122.0984541, 38.0480469
-122.0987668, 38.0479232
-122.099201, 38.0477237
-122.0995655, 38.0476184
-122.0997394, 38.047498
-122.0999822, 38.0473872
-122.1003294, 38.0471961
-122.1005722, 38.0470808
-122.1010587, 38.0469088
-122.1012842, 38.0468114
-122.1015968, 38.0467101
-122.1018747, 38.0465861
-122.1022564, 38.0464674
-122.10276, 38.0462414
-122.1035758, 38.0459862
-122.1042707, 38.0457257
-122.1053119, 38.0453822
-122.1056075, 38.0452672
-122.1065619, 38.0449726
-122.107118, 38.044765
-122.1074653, 38.0446009
-122.1081422, 38.0443583
-122.1084543, 38.0442164
-122.1092011, 38.0440193
-122.1099126, 38.0437813
-122.110312, 38.0436267
-122.1106595, 38.0435752
-122.1112497, 38.0433589
-122.11158, 38.0432623
-122.1121698, 38.0430189
-122.1125175, 38.0428368
-122.1127085, 38.0427661
-122.1128991, 38.0426729
-122.1145836, 38.0422035
-122.1155207, 38.0419176
-122.1167879, 38.0411341
-122.1171355, 38.0409609
-122.1175349, 38.0406756
-122.1177951, 38.0404252
-122.1186455, 38.0398187
-122.1190276, 38.0396233
-122.1195656, 38.0392353
-122.1198613, 38.0390528
-122.1201908, 38.0388975
-122.1204689, 38.0388004
-122.120677, 38.0386804
-122.1210936, 38.0385077
-122.1219096, 38.0381082
-122.1222393, 38.0378133
-122.1224999, 38.0375178
-122.1229167, 38.0370929
-122.1232465, 38.0366583
-122.1235591, 38.0363722
-122.1237673, 38.036225
-122.1240798, 38.0360652
-122.1242536, 38.0360574
-122.124479, 38.035978
-122.1246873, 38.0359435
-122.1254516, 38.0356338
-122.1258511, 38.0355286
-122.1262326, 38.0354954
-122.1266149, 38.0354487
-122.1271359, 38.0353534
-122.1277432, 38.0353038
-122.1281949, 38.0352261
-122.1285765, 38.0351207
-122.1294451, 38.0350236
-122.1300352, 38.0349288
-122.1305035, 38.0348962
-122.1312158, 38.0347753
-122.1324136, 38.0345318
-122.1329174, 38.0343913
-122.1333513, 38.0343045
-122.1338547, 38.0341414
-122.1347577, 38.0339048
-122.1357473, 38.0335741
-122.1381081, 38.0328975
-122.1387681, 38.0327401
-122.1391843, 38.0325854
-122.1395488, 38.0324709
-122.1406082, 38.0321948
-122.1415977, 38.0320578
-122.1421186, 38.0320301
-122.1442539, 38.0320052
-122.145799, 38.0319623
-122.1465283, 38.0319631
-122.1472227, 38.0319006
-122.1479172, 38.0319417
-122.1484036, 38.0319362
-122.1491156, 38.0320134
-122.1499832, 38.0320648
-122.1513378, 38.0322368
-122.1519454, 38.0323584
-122.1546362, 38.0327609
-122.1572231, 38.033176
-122.1586469, 38.0334611
-122.1614249, 38.0340443
-122.1641158, 38.03478
-122.1663737, 38.0358701
-122.1670854, 38.0364855
-122.167897, 38.0374196
-122.1693534, 38.0394592
-122.1761152, 38.0480504
-122.1791341, 38.0505633
-122.1838044, 38.0538945
-122.1857661, 38.0546787
-122.1873111, 38.0552753
-122.1886477, 38.0557036
-122.1901238, 38.0560338
-122.1922249, 38.056589
-122.1934049, 38.0567593
-122.1946033, 38.0568036
-122.1953845, 38.0568901
-122.1971725, 38.0569699
-122.1983361, 38.0571446
-122.1993431, 38.0573768
-122.2035267, 38.0585904
-122.2042043, 38.0588519
-122.2052287, 38.0591923
-122.2063568, 38.0594884
-122.2073467, 38.0597024
-122.2082665, 38.0599834
-122.2093081, 38.0602428
-122.2102286, 38.0604247
-122.211548, 38.0607085
-122.2136665, 38.0609345
-122.2143434, 38.0609887
-122.2152116, 38.0610125
-122.2168782, 38.0608659
-122.2181804, 38.060807
-122.2193261, 38.0607966
-122.2205238, 38.0608496
-122.2224162, 38.0609703
-122.2250552, 38.0609608
-122.2260451, 38.0610078
-122.2265138, 38.0609975
-122.2284409, 38.0612129
-122.2296908, 38.0613969
-122.2325381, 38.0619788
-122.234118, 38.0622145
-122.2365489, 38.062708
-122.2391878, 38.0631938
-122.2423995, 38.0638184
-122.2431287, 38.0639313
-122.2436501, 38.0639482
-122.2441709, 38.063947
-122.2454466, 38.0636618
-122.2645876, 38.0593812
-122.2768112, 38.0610716
-122.3524582, 38.0695271
-122.3740091, 38.0464463
-122.3907404, 38.0285668
-122.3971605, 38.0215358
-122.4054241, 38.0126824
-122.4172472, 37.9999211
-122.417334, 37.9999215
-122.4296609, 37.9867469
-122.4413619, 37.9741583
-122.4413139, 37.9719755
-122.441484, 37.9680229
-122.4415018, 37.9677026