-122.5793913, 37.5447011
-122.5864541, 37.561913
-122.5881771, 37.579408
-122.5864541, 37.592529
-122.5795601, 37.611484
-122.5726661, 37.627521
-122.5674971, 37.639185
-122.575189, 37.7067209
-122.550686, 37.7073319
-122.5044231, 37.7081071
-122.5028755, 37.7081223
-122.5019954, 37.7081219
-122.4987838, 37.7081145
-122.4955027, 37.7081862
-122.4938505, 37.7082247
-122.4922318, 37.7082321
-122.4860422, 37.708233
-122.4853856, 37.7082294
-122.4848854, 37.7083322
-122.4837806, 37.708332
-122.4811059, 37.7082368
-122.4715276, 37.7083335
-122.4714787, 37.7083317
-122.4710785, 37.708264
-122.4708823, 37.7082318
-122.468937, 37.7082312
-122.4684495, 37.7082319
-122.4678841, 37.7082314
-122.4671805, 37.7082321
-122.4670105, 37.7082128
-122.4666306, 37.7081674
-122.4662841, 37.708131
-122.465762, 37.7081319
-122.4653827, 37.7081317
-122.4646725, 37.708211
-122.4644828, 37.7082319
-122.4644498, 37.7082322
-122.4640835, 37.7082317
-122.4640427, 37.7082401
-122.463583, 37.708332
-122.4627825, 37.7082321
-122.4627401, 37.7082318
-122.4626028, 37.7082319
-122.4622807, 37.708232
-122.4620523, 37.7082318
-122.4612719, 37.7082318
-122.4598941, 37.7082322
-122.4590652, 37.7082306
-122.4585088, 37.7082309
-122.4579157, 37.7082431
-122.4571928, 37.7082339
-122.4557432, 37.7082303
-122.4555456, 37.7082321
-122.4543563, 37.7082317
-122.4543377, 37.7082233
-122.4539829, 37.708232
-122.4538069, 37.7082219
-122.4529949, 37.708177
-122.4521827, 37.7081321
-122.4516761, 37.7081488
-122.4503855, 37.7082009
-122.4502196, 37.7081981
-122.4501581, 37.7081994
-122.4497512, 37.7082128
-122.4495545, 37.7082199
-122.4492329, 37.708218
-122.4472804, 37.708229
-122.4472251, 37.708245
-122.4463833, 37.7082291
-122.4458747, 37.7082331
-122.445375, 37.7082333
-122.4450843, 37.7082671
-122.4447129, 37.7083071
-122.4444808, 37.7083325
-122.443212, 37.7082791
-122.4431387, 37.7082574
-122.4420795, 37.7082307
-122.4418127, 37.708255
-122.4412576, 37.7083108
-122.4412223, 37.7083248
-122.4408545, 37.708327
-122.4407103, 37.7082815
-122.440623, 37.7082542
-122.4405362, 37.7082249
-122.4404588, 37.7083383
-122.4396758, 37.7083321
-122.4392047, 37.7082837
-122.4390361, 37.708259
-122.4386784, 37.7082288
-122.4385578, 37.7082325
-122.4381819, 37.7082319
-122.4372309, 37.708232
-122.4365819, 37.708232
-122.4364804, 37.708232
-122.436201, 37.708232
-122.4361771, 37.708232
-122.4358811, 37.7082317
-122.4353822, 37.7081322
-122.4351, 37.7081321
-122.4348697, 37.7081319
-122.434313, 37.7081316
-122.4339822, 37.7081317
-122.4333819, 37.708232
-122.4327606, 37.7082321
-122.4322859, 37.7082282
-122.4321812, 37.7082287
-122.4313432, 37.7082312
-122.4308794, 37.7082317
-122.4306023, 37.7082471
-122.4291835, 37.708331
-122.4280832, 37.7084302
-122.4271657, 37.7083888
-122.4263626, 37.7083514
-122.4261906, 37.7083449
-122.4260921, 37.7083388
-122.4256192, 37.7083162
-122.4252894, 37.7082995
-122.4238872, 37.708235
-122.4238372, 37.7082355
-122.4201049, 37.7082358
-122.4191815, 37.7082311
-122.4191278, 37.7082359
-122.4186919, 37.7082788
-122.4182141, 37.7083282
-122.4181653, 37.7083308
-122.417566, 37.7083304
-122.4172528, 37.7083293
-122.4172118, 37.7083303
-122.4170787, 37.7083314
-122.4162599, 37.7083292
-122.4162219, 37.7083279
-122.415771, 37.7082856
-122.4152842, 37.7082424
-122.4151813, 37.708231
-122.4144805, 37.7082308
-122.4141806, 37.7082304
-122.4139962, 37.708252
-122.4134853, 37.708296
-122.4132797, 37.7083153
-122.4128979, 37.7083084
-122.410372, 37.7082838
-122.4088696, 37.70826
-122.4073692, 37.7082359
-122.4071811, 37.708231
-122.4064792, 37.7083218
-122.4055813, 37.7082309
-122.4052921, 37.7082615
-122.405281, 37.7082649
-122.405226, 37.7082709
-122.404682, 37.7083309
-122.4032788, 37.7083301
-122.4023588, 37.7083287
-122.4019896, 37.7082318
-122.401482, 37.7083309
-122.4011354, 37.7083332
-122.3964123, 37.7083307
-122.3951097, 37.7083297
-122.3936474, 37.7082535
-122.392682, 37.7083309
-122.387482, 37.7083309
-122.381081, 37.7084309
-122.379401, 37.7084059
-122.376063, 37.7083639
-122.375624, 37.7083729
-122.3744299, 37.7083603
-122.371681, 37.7083309
-122.360381, 37.7083309
-122.29458, 37.7082299
-122.2817801, 37.7082299
-122.28088, 37.7072299
-122.27852, 37.7043889
-122.268864, 37.6927629
-122.265646, 37.6888879
-122.262912, 37.6855959
-122.254712, 37.6757219
-122.251979, 37.6724309
-122.250919, 37.6710909
-122.247739, 37.6670709
-122.246679, 37.6657309
-122.243359, 37.6616929
-122.233402, 37.6495789
-122.230083, 37.6455419
-122.228172, 37.6432169
-122.222441, 37.6362439
-122.220531, 37.6339199
-122.220252, 37.6335809
-122.219416, 37.6325639
-122.2191381, 37.6322259
-122.2170411, 37.6296749
-122.2107501, 37.6220219
-122.2086541, 37.6194709
-122.2065091, 37.6168619
-122.2000761, 37.6090349
-122.1979321, 37.6064269
-122.1976531, 37.6060879
-122.1968191, 37.6050719
-122.1965411, 37.6047339
-122.1965281, 37.6047179
-122.1964911, 37.6046729
-122.1964791, 37.6046579
-122.1964201, 37.6045869
-122.1960671, 37.6041579
-122.1954221, 37.6033729
-122.1948341, 37.6026579
-122.1944241, 37.6021589
-122.1929081, 37.6003149
-122.1883611, 37.5947839
-122.1868461, 37.5929409
-122.1868121, 37.5928989
-122.1867101, 37.5927749
-122.1866761, 37.5927339
-122.1853411, 37.5910829
-122.1813371, 37.5861299
-122.1800031, 37.5844799
-122.1774571, 37.5813309
-122.1698211, 37.5718839
-122.1672761, 37.5687349
-122.1650351, 37.5659149
-122.1583151, 37.5574549
-122.1560751, 37.5546349
-122.1527942, 37.5505691
-122.1509874, 37.5483401
-122.1472951, 37.543535
-122.1416551, 37.536635
-122.1397751, 37.534336
-122.1385753, 37.5330008
-122.1260749, 37.5175751
-122.121214, 37.5116917
-122.1115175, 37.4999388
-122.1106061, 37.4987931
-122.1099808, 37.4980291
-122.10979, 37.4977324
-122.1096162, 37.4975328
-122.1079146, 37.496328
-122.0941474, 37.4866735
-122.0855876, 37.4806406
-122.0816991, 37.4779425
-122.0836262, 37.4759543
-122.0870808, 37.4723261
-122.0904494, 37.4688368
-122.0948766, 37.4641568
-122.0965604, 37.4624121
-122.096491, 37.4653634
-122.1145986, 37.4652347
-122.1146508, 37.4657714
-122.1148419, 37.4660408
-122.1173076, 37.4652955
-122.1176373, 37.465138
-122.1206584, 37.4632361
-122.1236095, 37.4613112
-122.1238528, 37.4611012
-122.1239571, 37.4609533
-122.1239564, 37.4606422
-122.1238871, 37.4602249
-122.1230191, 37.4578209
-122.1229152, 37.4573875
-122.1228805, 37.4564408
-122.1227936, 37.4558858
-122.1226022, 37.4553909
-122.1223419, 37.4549901
-122.122238, 37.4548699
-122.1220472, 37.4545733
-122.1219949, 37.4544534
-122.1219077, 37.4542365
-122.1218905, 37.4541395
-122.1219079, 37.4539752
-122.1219426, 37.4538447
-122.1221339, 37.4535577
-122.1222553, 37.453446
-122.1225154, 37.4532721
-122.1227761, 37.4532109
-122.1239392, 37.4528545
-122.1241301, 37.4528378
-122.124391, 37.4528285
-122.1245991, 37.4528638
-122.12479, 37.452908
-122.125068, 37.4530025
-122.1252936, 37.4531169
-122.1257098, 37.453289
-122.125884, 37.4533758
-122.1260749, 37.4535508
-122.1265262, 37.4536375
-122.1265959, 37.4536628
-122.1269779, 37.4536363
-122.1271857, 37.453559
-122.1273766, 37.4534274
-122.1276547, 37.45315
-122.127811, 37.4528988
-122.1279154, 37.452672
-122.1280018, 37.4523436
-122.1280891, 37.4521438
-122.128193, 37.4520049
-122.1282799, 37.4519536
-122.1283664, 37.4519273
-122.1286269, 37.4519449
-122.1287481, 37.4519706
-122.1288354, 37.452005
-122.1288871, 37.4520483
-122.12946, 37.4526811
-122.1297725, 37.4529606
-122.1299115, 37.4531081
-122.1300504, 37.4532015
-122.130207, 37.4532725
-122.1303978, 37.4532807
-122.1308663, 37.4533338
-122.1312311, 37.4533252
-122.13137, 37.4533509
-122.1314917, 37.4533947
-122.1315955, 37.4534721
-122.1318565, 37.4538187
-122.131995, 37.4539415
-122.1321339, 37.4540191
-122.1324814, 37.454096
-122.1329322, 37.4541579
-122.1332623, 37.4543316
-122.1335925, 37.4544444
-122.1337661, 37.4544704
-122.1339398, 37.4544694
-122.1343913, 37.4544187
-122.1352415, 37.4542176
-122.1355715, 37.4541569
-122.13604, 37.4541581
-122.1363008, 37.4542186
-122.1367864, 37.454443
-122.1370125, 37.4545212
-122.1373947, 37.4545916
-122.1376897, 37.4546253
-122.1379328, 37.4546879
-122.1382629, 37.4547309
-122.1386098, 37.4547988
-122.1390261, 37.4550339
-122.1393388, 37.4551827
-122.1395472, 37.4553284
-122.1397557, 37.4555642
-122.1402593, 37.4562575
-122.1408319, 37.4568565
-122.1411966, 37.4572986
-122.1414742, 37.4575507
-122.1419607, 37.4578381
-122.1425165, 37.4580473
-122.1427419, 37.4581075
-122.1430201, 37.4581411
-122.1436446, 37.4581411
-122.1439748, 37.4582021
-122.1442522, 37.4582898
-122.1445125, 37.4583321
-122.1448076, 37.4583501
-122.1449665, 37.4583267
-122.1451722, 37.4582986
-122.1453634, 37.4582549
-122.145676, 37.4581671
-122.1459368, 37.458054
-122.1460582, 37.4579423
-122.1460929, 37.4578028
-122.1461104, 37.4576384
-122.1460231, 37.4573516
-122.1460408, 37.4572391
-122.1460927, 37.4571425
-122.1463533, 37.4569619
-122.1468392, 37.4568144
-122.1473076, 37.4566916
-122.1475161, 37.4566999
-122.148141, 37.4569793
-122.1482975, 37.4570819
-122.1485403, 37.4571602
-122.1488881, 37.4572213
-122.1491832, 37.4572482
-122.1502074, 37.4572917
-122.1506066, 37.4573441
-122.1507974, 37.4573522
-122.151093, 37.4573431
-122.1518395, 37.457247
-122.1519606, 37.4572907
-122.1520652, 37.4574221
-122.1520732, 37.4574334
-122.15236, 37.4578389
-122.1525165, 37.4578806
-122.1526901, 37.4578368
-122.1528293, 37.4577161
-122.1531625, 37.4572813
-122.1534368, 37.456979
-122.1541136, 37.456362
-122.1543569, 37.4561632
-122.1546173, 37.4560141
-122.1548428, 37.4559368
-122.1551208, 37.4559028
-122.155381, 37.4558934
-122.1557286, 37.4558418
-122.1558843, 37.4557551
-122.1559714, 37.4556768
-122.155989, 37.4554944
-122.1559194, 37.4552866
-122.1557632, 37.4549565
-122.1556765, 37.4546944
-122.1556762, 37.4545908
-122.1557106, 37.4544784
-122.1557454, 37.4544087
-122.155867, 37.4542789
-122.1559712, 37.4542436
-122.1566656, 37.4543229
-122.1569261, 37.4543654
-122.1571, 37.4542968
-122.1572039, 37.4541578
-122.1572562, 37.4539756
-122.1572557, 37.4538179
-122.1572734, 37.4537504
-122.1573775, 37.4536881
-122.1575339, 37.4536531
-122.1580201, 37.4536543
-122.1583848, 37.4537065
-122.15868, 37.453783
-122.1588009, 37.4538446
-122.1589226, 37.4539672
-122.1589919, 37.4540781
-122.1590443, 37.454252
-122.1591141, 37.4545995
-122.1591837, 37.4546947
-122.1592873, 37.4547743
-122.1594956, 37.4548434
-122.1600168, 37.4548177
-122.1605545, 37.4547562
-122.1607455, 37.4546697
-122.1608153, 37.4545034
-122.160798, 37.4541495
-122.160902, 37.4540173
-122.1610409, 37.4539147
-122.1612316, 37.453862
-122.16144, 37.4538612
-122.1616656, 37.4539056
-122.1622559, 37.4540698
-122.1625517, 37.4541056
-122.16276, 37.4540531
-122.1628636, 37.4539569
-122.1629678, 37.4538022
-122.162968, 37.4536445
-122.1630024, 37.453541
-122.1630373, 37.4534624
-122.1631245, 37.4533594
-122.1632631, 37.4532883
-122.1636279, 37.4532119
-122.1637837, 37.4531251
-122.1638535, 37.4530108
-122.1639405, 37.45275
-122.1640968, 37.4526046
-122.1642177, 37.4525334
-122.1643396, 37.452559
-122.1644437, 37.4526206
-122.1648954, 37.4529843
-122.1649992, 37.4530459
-122.165121, 37.4530806
-122.1652073, 37.4530721
-122.1653293, 37.453037
-122.1654161, 37.452925
-122.1654855, 37.4527068
-122.1655549, 37.4521958
-122.1657283, 37.4515886
-122.1659543, 37.4510314
-122.1660407, 37.4508855
-122.1661626, 37.4507985
-122.1663533, 37.4507368
-122.1666091, 37.450781
-122.1667698, 37.4508929
-122.1671175, 37.4510847
-122.1672913, 37.4510926
-122.1674993, 37.451067
-122.1676212, 37.4509801
-122.1677769, 37.4507536
-122.1678641, 37.4505378
-122.1679158, 37.4503377
-122.1680202, 37.4498517
-122.1680199, 37.449748
-122.1679856, 37.4496531
-122.1678811, 37.4495127
-122.1677944, 37.4494264
-122.1677248, 37.4492704
-122.1677076, 37.4491757
-122.1678465, 37.4488184
-122.1679858, 37.4486188
-122.1680895, 37.4484979
-122.168385, 37.4482295
-122.168784, 37.4479417
-122.1688708, 37.4478116
-122.1689922, 37.4475173
-122.1690444, 37.4474567
-122.1692876, 37.4473075
-122.1694264, 37.4472815
-122.169635, 37.4473257
-122.1697735, 37.4474033
-122.1699469, 37.4474294
-122.1700514, 37.4474391
-122.170329, 37.447387
-122.1705894, 37.4472311
-122.1709891, 37.4470558
-122.1714232, 37.4470296
-122.1716139, 37.4469881
-122.1717199, 37.4469335
-122.1719266, 37.4468303
-122.1721695, 37.4466405
-122.1722736, 37.4465183
-122.1723952, 37.4463537
-122.1724996, 37.4462484
-122.1726734, 37.4461279
-122.1729507, 37.4458325
-122.1732808, 37.4454336
-122.1738364, 37.4451559
-122.174114, 37.444973
-122.1745653, 37.4445999
-122.1746697, 37.4444789
-122.1748435, 37.4441669
-122.1748779, 37.4440613
-122.1748607, 37.4437592
-122.1749129, 37.4435072
-122.1750172, 37.4433412
-122.1751382, 37.4431933
-122.175416, 37.4429248
-122.1755028, 37.4428127
-122.1756074, 37.442552
-122.1757112, 37.4421089
-122.1757464, 37.4420483
-122.17585, 37.4419432
-122.1760238, 37.4418835
-122.17618, 37.4418666
-122.1763886, 37.4418049
-122.1765446, 37.4418061
-122.1766661, 37.4417437
-122.1769443, 37.4415091
-122.1770659, 37.4414311
-122.177239, 37.4413625
-122.1777777, 37.4412062
-122.1780028, 37.4411717
-122.17842, 37.4410754
-122.1788537, 37.4410852
-122.1792875, 37.4411446
-122.1794614, 37.4411368
-122.1797048, 37.4411633
-122.1797914, 37.4411279
-122.179861, 37.4410404
-122.1798779, 37.4409707
-122.1798258, 37.4408937
-122.1794613, 37.4405036
-122.1794266, 37.4403817
-122.1794264, 37.44026
-122.1795135, 37.4399294
-122.1796002, 37.4398083
-122.1798611, 37.4395397
-122.1805032, 37.4392782
-122.1809028, 37.4393148
-122.181059, 37.4393744
-122.1812326, 37.4394612
-122.1815445, 37.4396775
-122.1817188, 37.4397035
-122.1818574, 37.4396955
-122.1821526, 37.4395736
-122.1824304, 37.4392961
-122.1825515, 37.4390784
-122.1826731, 37.4387502
-122.1827076, 37.438489
-122.1828125, 37.4380121
-122.1829682, 37.4376548
-122.1832114, 37.4373861
-122.1833678, 37.4372384
-122.1834895, 37.437014
-122.1835068, 37.4368654
-122.1834716, 37.4367795
-122.1833153, 37.4365283
-122.1832812, 37.4363636
-122.1833854, 37.4358754
-122.1838194, 37.4351482
-122.1842879, 37.4344191
-122.1846008, 37.4340967
-122.1850171, 37.4338969
-122.185243, 37.4338443
-122.1855728, 37.4337925
-122.1857294, 37.4337508
-122.1861107, 37.433697
-122.1863196, 37.4336534
-122.1864756, 37.4335937
-122.1866663, 37.4335927
-122.1870835, 37.4334987
-122.1872219, 37.4334974
-122.1873614, 37.4334104
-122.1874482, 37.4334201
-122.1875695, 37.4333759
-122.187656, 37.4333337
-122.1877081, 37.4332889
-122.1877777, 37.4331948
-122.1879163, 37.4328554
-122.1879509, 37.4327159
-122.188021, 37.4325767
-122.1882639, 37.432317
-122.1885417, 37.4321184
-122.1889755, 37.4319095
-122.1891668, 37.4318568
-122.1895485, 37.4317625
-122.1897918, 37.4317529
-122.1900345, 37.4317095
-122.1902778, 37.4316234
-122.1904863, 37.431476
-122.1905385, 37.4312938
-122.1905206, 37.4310504
-122.1904341, 37.4308064
-122.1903993, 37.4306327
-122.1902605, 37.4303297
-122.1901389, 37.4298873
-122.1899653, 37.4290884
-122.189948, 37.428743
-122.1898435, 37.4282718
-122.189444, 37.4277688
-122.1894098, 37.4276649
-122.1894268, 37.4274037
-122.1897048, 37.4270315
-122.1898781, 37.4268231
-122.1900863, 37.4266307
-122.1903296, 37.4264747
-122.1906424, 37.4262852
-122.1908504, 37.426138
-122.191024, 37.4259544
-122.1911461, 37.4257727
-122.1912674, 37.4255122
-122.1913195, 37.425339
-122.1913019, 37.4252082
-122.19125, 37.4250343
-122.1910069, 37.4245144
-122.1908856, 37.424331
-122.1906945, 37.4240976
-122.1906374, 37.4239441
-122.1896355, 37.423385
-122.1893927, 37.4232459
-122.1890279, 37.4229505
-122.1885937, 37.4226569
-122.1884029, 37.4225518
-122.1882636, 37.4224224
-122.1881595, 37.4222482
-122.1881074, 37.4219797
-122.1880899, 37.4215627
-122.1880551, 37.4213191
-122.1879862, 37.4211023
-122.1878302, 37.4201819
-122.1878298, 37.4200264
-122.187934, 37.4197139
-122.1881946, 37.4193934
-122.1884028, 37.4192191
-122.1886283, 37.4190629
-122.1889756, 37.4189503
-122.1891321, 37.4189153
-122.1896003, 37.4189231
-122.1897568, 37.418949
-122.1899133, 37.418923
-122.1899997, 37.4188898
-122.1901042, 37.4187666
-122.1901388, 37.4185775
-122.1901215, 37.4184804
-122.189983, 37.4180897
-122.1897047, 37.4176303
-122.1895659, 37.417465
-122.1894099, 37.4173353
-122.189062, 37.4170919
-122.1886982, 37.416979
-122.1885589, 37.416987
-122.1883854, 37.417031
-122.188142, 37.4170045
-122.1879863, 37.4170305
-122.1878296, 37.4170226
-122.1876734, 37.4169787
-122.1875001, 37.4168581
-122.1872218, 37.416597
-122.1871356, 37.4164838
-122.1870656, 37.4163459
-122.1870308, 37.4161811
-122.1870486, 37.4159717
-122.1871356, 37.4158257
-122.1872744, 37.41566
-122.1874653, 37.4152512
-122.1874997, 37.4150599
-122.1874996, 37.4149472
-122.1876909, 37.4147052
-122.1878817, 37.4146276
-122.1880728, 37.4145839
-122.18842, 37.4146087
-122.1886801, 37.4145925
-122.1889583, 37.4145314
-122.1892185, 37.4145151
-122.1894097, 37.4144624
-122.1895835, 37.4144612
-122.1897743, 37.4143838
-122.1904167, 37.4142011
-122.1905903, 37.4142113
-122.1907636, 37.4141922
-122.1909201, 37.4142271
-122.1911805, 37.4142447
-122.1915278, 37.4142019
-122.192257, 37.4139072
-122.1923266, 37.4138198
-122.1923266, 37.4136193
-122.1921527, 37.4133679
-122.1920831, 37.413212
-122.1921527, 37.4129781
-122.1922222, 37.4128817
-122.1926562, 37.4125873
-122.1928644, 37.4124737
-122.1932466, 37.412197
-122.1933853, 37.4120402
-122.1936977, 37.4115533
-122.1937848, 37.4111369
-122.1936808, 37.4106248
-122.1937678, 37.4102874
-122.1940103, 37.4096693
-122.1940278, 37.4094193
-122.1941322, 37.4089671
-122.1942187, 37.4088032
-122.1943579, 37.4085946
-122.1944446, 37.4084194
-122.1944617, 37.4083339
-122.1943407, 37.4076391
-122.1942534, 37.4072824
-122.1940278, 37.4069181
-122.1936629, 37.4062327
-122.1935065, 37.4058599
-122.1930209, 37.4048605
-122.1927082, 37.4043222
-122.1925693, 37.4040373
-122.1925174, 37.4034127
-122.1923443, 37.4019964
-122.1922741, 37.401615
-122.1922048, 37.4014321
-122.1921355, 37.4013122
-122.1921181, 37.4011453
-122.1921705, 37.4010848
-122.1922395, 37.4008938
-122.1922741, 37.4007025
-122.1922223, 37.4005218
-122.1920832, 37.4001919
-122.1919098, 37.3998346
-122.191823, 37.3996966
-122.1916317, 37.3991072
-122.1915449, 37.3986987
-122.191597, 37.3984647
-122.1916842, 37.3983684
-122.1918053, 37.3981259
-122.1919098, 37.3977435
-122.1919618, 37.3972999
-122.1919099, 37.3970067
-122.1916839, 37.3966153
-122.1914407, 37.3963117
-122.191337, 37.3961036
-122.1913541, 37.3958334
-122.1913369, 37.3956598
-122.1913019, 37.3956256
-122.1912675, 37.3954857
-122.1911631, 37.3954602
-122.191042, 37.3953738
-122.1908161, 37.3952956
-122.1906426, 37.3952088
-122.1904512, 37.3951489
-122.1903474, 37.3950874
-122.1901389, 37.3949147
-122.1900866, 37.3947836
-122.1901212, 37.3946531
-122.1901212, 37.3943851
-122.1900693, 37.3942968
-122.1901039, 37.3941663
-122.1901738, 37.3940361
-122.1902256, 37.393872
-122.1902085, 37.3937592
-122.190052, 37.3934809
-122.1900524, 37.3933074
-122.1901563, 37.3931594
-122.1902781, 37.3929349
-122.1901908, 37.3926481
-122.1899129, 37.3921617
-122.1898265, 37.3919808
-122.189792, 37.3916584
-122.1896702, 37.3914323
-122.1896186, 37.3913891
-122.1896184, 37.3913283
-122.1896529, 37.3912067
-122.1897917, 37.3911718
-122.1899308, 37.3911727
-122.1901043, 37.3911198
-122.1901562, 37.3910863
-122.1902434, 37.390981
-122.1902428, 37.3909045
-122.1902088, 37.3907983
-122.1902602, 37.390677
-122.1904168, 37.3906262
-122.1906423, 37.3904001
-122.1906942, 37.390227
-122.1906423, 37.3899313
-122.1905553, 37.3896874
-122.190434, 37.389601
-122.1903129, 37.3894537
-122.1902951, 37.3892711
-122.1903296, 37.3891406
-122.1904865, 37.3889411
-122.1910589, 37.3887602
-122.1911114, 37.3886028
-122.1911288, 37.3883506
-122.1911809, 37.3882383
-122.191215, 37.3878915
-122.1910071, 37.3876039
-122.1909028, 37.3875175
-122.1908509, 37.3872829
-122.1908332, 37.3870326
-122.1908508, 37.3867623
-122.1908851, 37.3866589
-122.1910941, 37.3862682
-122.1911459, 37.3861041
-122.1911282, 37.3859214
-122.1908331, 37.3856603
-122.1905726, 37.3853836
-122.1905556, 37.3852618
-122.1907637, 37.3848801
-122.1908683, 37.3845496
-122.191007, 37.3843838
-122.1913539, 37.3842284
-122.1916149, 37.3840543
-122.1918226, 37.3838373
-122.1921178, 37.3836297
-122.1924654, 37.3833527
-122.1927081, 37.3832214
-122.1929169, 37.3830471
-122.1930381, 37.3828743
-122.1933853, 37.3822931
-122.1935765, 37.3820488
-122.1942712, 37.3814586
-122.1943928, 37.3813197
-122.194514, 37.3810073
-122.1945659, 37.3808251
-122.1945838, 37.380618
-122.1946532, 37.3803998
-122.1950527, 37.3799497
-122.1952781, 37.3796537
-122.1957466, 37.3791499
-122.1958339, 37.378977
-122.1959376, 37.3785766
-122.1960072, 37.378212
-122.1962154, 37.377961
-122.196337, 37.3778651
-122.1965454, 37.3777965
-122.1967017, 37.3776308
-122.1967537, 37.3773878
-122.1967883, 37.3769194
-122.1968405, 37.3767282
-122.1972743, 37.3761723
-122.1975867, 37.3758611
-122.1977083, 37.3757044
-122.1980557, 37.3755129
-122.1986458, 37.3752442
-122.1987675, 37.375218
-122.1989064, 37.3750972
-122.1989936, 37.3749401
-122.1991494, 37.3746888
-122.1992709, 37.3745409
-122.1993232, 37.3744015
-122.1993405, 37.3739081
-122.1992366, 37.3735176
-122.1991671, 37.3731092
-122.1991673, 37.3728839
-122.1992017, 37.3727624
-122.1993232, 37.3726304
-122.199531, 37.3725011
-122.1996705, 37.372493
-122.1998786, 37.3724403
-122.2000525, 37.3724234
-122.2003995, 37.3723109
-122.2005214, 37.3722058
-122.2006256, 37.372033
-122.2008162, 37.3715025
-122.200886, 37.3713633
-122.2010945, 37.3710785
-122.2011813, 37.3708785
-122.2012159, 37.3704708
-122.2011985, 37.3701237
-122.2011981, 37.3693598
-122.2012159, 37.3691503
-122.2012854, 37.368716
-122.2015803, 37.3679968
-122.2015631, 37.3676835
-122.201476, 37.367372
-122.2013196, 37.3670239
-122.2013891, 37.3663303
-122.2013892, 37.3660508
-122.2014762, 37.3656345
-122.20158, 37.365419
-122.2018578, 37.3649837
-122.202188, 37.3645938
-122.2022574, 37.3643058
-122.2022399, 37.3641592
-122.2022571, 37.3638123
-122.2025522, 37.3632735
-122.2026392, 37.3629969
-122.2026564, 37.3628303
-122.2025175, 37.3624846
-122.2024656, 37.362189
-122.2024661, 37.3619456
-122.2023961, 37.3616861
-122.2023442, 37.3613905
-122.2024307, 37.3606181
-122.2024661, 37.3604877
-122.2023786, 37.3600702
-122.2021357, 37.3594895
-122.201962, 37.3591684
-122.2016672, 37.3584046
-122.2015111, 37.3580994
-122.2012158, 37.3577188
-122.2009035, 37.3573629
-122.2007469, 37.3571455
-122.2005733, 37.356946
-122.2003823, 37.3566518
-122.2001393, 37.3561478
-122.2000178, 37.3559553
-122.199966, 37.3557905
-122.1997226, 37.355453
-122.1995487, 37.3553325
-122.1993927, 37.3552886
-122.199202, 37.3551656
-122.1988718, 37.3548276
-122.1986633, 37.3546549
-122.1984898, 37.3544465
-122.1983858, 37.3544119
-122.1982292, 37.3543252
-122.198021, 37.3540647
-122.1978826, 37.353613
-122.1976909, 37.353249
-122.1974829, 37.3529704
-122.1973437, 37.3525886
-122.1972401, 37.3524415
-122.1969797, 37.3521197
-122.1968058, 37.3520148
-122.1962846, 37.35152
-122.1961633, 37.3513818
-122.1959724, 37.351234
-122.1958855, 37.3510351
-122.1957642, 37.3506354
-122.1957814, 37.3502705
-122.1958511, 37.3499668
-122.1959552, 37.3497939
-122.1959728, 37.3496026
-122.1958513, 37.349151
-122.1958338, 37.3488038
-122.1958683, 37.3486126
-122.1958687, 37.3481867
-122.1957298, 37.3479086
-122.1953651, 37.3473721
-122.195278, 37.3472678
-122.1950695, 37.3469035
-122.1949484, 37.3467383
-122.1947747, 37.3465545
-122.1941492, 37.3457233
-122.1933337, 37.3448457
-122.1924484, 37.3441072
-122.1922573, 37.3439685
-122.1920143, 37.3438564
-122.1917189, 37.3436921
-122.1913198, 37.3434056
-122.1912327, 37.3433103
-122.1910415, 37.3430408
-122.1907814, 37.3425634
-122.190625, 37.3423371
-122.1905383, 37.3422667
-122.1902257, 37.3419288
-122.189809, 37.3415203
-122.188958, 37.3407911
-122.1881598, 37.3402267
-122.1875524, 37.3398283
-122.1870139, 37.3393761
-122.186736, 37.3391693
-122.1864235, 37.3389688
-122.1859718, 37.3387177
-122.1858679, 37.3386134
-122.1857988, 37.3384732
-122.1857464, 37.3382925
-122.185729, 37.3380829
-122.1857466, 37.337745
-122.1856941, 37.3374494
-122.1854687, 37.337085
-122.185104, 37.3364336
-122.1847218, 37.3358878
-122.1845488, 37.3355914
-122.1843229, 37.3352632
-122.1842533, 37.3351072
-122.1842537, 37.3350283
-122.1842189, 37.3349244
-122.1839587, 37.3347153
-122.183542, 37.3342302
-122.1831595, 37.3335966
-122.183073, 37.3333617
-122.1829337, 37.3331263
-122.1824481, 37.3326318
-122.182326, 37.3325723
-122.1821701, 37.3324406
-122.1819616, 37.3323467
-122.181771, 37.3322326
-122.1815974, 37.3320942
-122.1812672, 37.3317132
-122.1808502, 37.3311312
-122.180642, 37.3308887
-122.1803646, 37.3306974
-122.1801389, 37.3304976
-122.1798436, 37.3302723
-122.1793226, 37.329924
-122.1790447, 37.3296539
-122.1788195, 37.329472
-122.1785586, 37.3292134
-122.1782464, 37.3289859
-122.1777431, 37.328552
-122.1772567, 37.3282061
-122.1766842, 37.327659
-122.1764234, 37.3274409
-122.1760585, 37.3270687
-122.175, 37.3258175
-122.1748085, 37.3257057
-122.1747218, 37.3256353
-122.1745657, 37.3254629
-122.1744958, 37.3253317
-122.1744791, 37.3251851
-122.1778991, 37.3251932
-122.1788019, 37.3263554
-122.1801909, 37.3260429
-122.1821353, 37.3267482
-122.1844445, 37.3255405
-122.1854168, 37.3240914
-122.1855385, 37.3238647
-122.1856249, 37.3235791
-122.18574, 37.32329
-122.1857814, 37.3231882
-122.1860588, 37.3227799
-122.1863716, 37.3224238
-122.1867708, 37.3221718
-122.1872568, 37.3219026
-122.1878301, 37.321609
-122.1887007, 37.3210602
-122.1890035, 37.3208693
-122.1891666, 37.3207664
-122.1903648, 37.3202023
-122.1918408, 37.3194552
-122.1920488, 37.319326
-122.1927081, 37.3187446
-122.192917, 37.3186041
-122.193038, 37.3185012
-122.1930902, 37.3184317
-122.1930732, 37.3183707
-122.1928997, 37.3182501
-122.1920661, 37.3181091
-122.1917014, 37.3180324
-122.1913887, 37.3179897
-122.1907291, 37.3179965
-122.1905035, 37.3179273
-122.190278, 37.31791
-122.1898095, 37.3177288
-122.1896706, 37.317658
-122.189323, 37.3173716
-122.1887846, 37.3168699
-122.1884376, 37.3164687
-122.1881942, 37.3162777
-122.1879862, 37.3161388
-122.1876393, 37.3160013
-122.1875173, 37.3159306
-122.1872743, 37.3158275
-122.1869791, 37.3157308
-122.1867363, 37.3156796
-122.1865801, 37.3155838
-122.186441, 37.3154026
-122.1863364, 37.3152194
-122.1862154, 37.3148647
-122.1861113, 37.3146476
-122.1860589, 37.3144648
-122.1860767, 37.3143252
-122.1863542, 37.313917
-122.1864062, 37.3137439
-122.1863713, 37.3135701
-122.1863194, 37.3134842
-122.1861982, 37.3133435
-122.185903, 37.3131184
-122.1859378, 37.3129541
-122.1859375, 37.3128594
-122.1860242, 37.3125987
-122.1859206, 37.3123366
-122.1854167, 37.311443
-122.1852776, 37.3113225
-122.1850694, 37.3110801
-122.1846526, 37.3106874
-122.1845139, 37.310594
-122.184358, 37.3104103
-122.1841667, 37.3102806
-122.1839236, 37.3101325
-122.1832295, 37.3098888
-122.182986, 37.3097678
-122.1828125, 37.309708
-122.1825872, 37.3096726
-122.1823961, 37.3096036
-122.1822219, 37.3095957
-122.1818054, 37.3096289
-122.18158, 37.3096633
-122.1813017, 37.3097674
-122.1809029, 37.3100034
-122.1806073, 37.3103935
-122.1803819, 37.3107412
-122.1801385, 37.311001
-122.1797222, 37.3113473
-122.1784372, 37.3120504
-122.1779336, 37.3122589
-122.1775689, 37.3124501
-122.1772742, 37.312572
-122.1766319, 37.3126757
-122.1764061, 37.3126943
-122.1760935, 37.3126945
-122.175683, 37.312757
-122.1752255, 37.3127989
-122.1749646, 37.3127902
-122.1747049, 37.3128153
-122.1743569, 37.3127634
-122.1740451, 37.3127815
-122.1736627, 37.3127202
-122.1731071, 37.3125721
-122.1728987, 37.3124851
-122.1724825, 37.3123627
-122.1722568, 37.3123544
-122.1722207, 37.3123456
-122.1720135, 37.3122941
-122.1717877, 37.3123038
-122.1715447, 37.3122773
-122.1713887, 37.3122762
-122.1710588, 37.3121905
-122.1708674, 37.3121035
-122.1707115, 37.311965
-122.1706074, 37.3117479
-122.1705723, 37.311288
-122.1705201, 37.3112178
-122.1702426, 37.3109928
-122.1699651, 37.3108353
-122.1696874, 37.3106283
-122.1694614, 37.3105141
-122.1692879, 37.3103934
-122.1691484, 37.3102459
-122.1690276, 37.3100806
-122.168925, 37.3099083
-122.1688365, 37.3097592
-122.1688884, 37.3095252
-122.1689057, 37.3092302
-122.1688534, 37.3090563
-122.1685581, 37.3083805
-122.1683328, 37.3080408
-122.1680032, 37.3076757
-122.1678296, 37.3074244
-122.1676728, 37.3072588
-122.1671345, 37.3065046
-122.1669437, 37.3060887
-122.166857, 37.3059483
-122.1667526, 37.3058282
-122.1665443, 37.3056712
-122.1660238, 37.3055932
-122.1655372, 37.3055942
-122.1652599, 37.3055585
-122.1649645, 37.3056104
-122.1647736, 37.3055235
-122.1645478, 37.3053507
-122.1644091, 37.3051942
-122.163819, 37.3047956
-122.1634192, 37.3046644
-122.1631764, 37.3046131
-122.1630027, 37.30463
-122.1628466, 37.304586
-122.1626729, 37.3046119
-122.1624818, 37.3045428
-122.1623952, 37.3045332
-122.1622391, 37.3043608
-122.1621866, 37.3042049
-122.1621865, 37.3040832
-122.1623082, 37.3037958
-122.1625685, 37.3033446
-122.162812, 37.3026252
-122.1629336, 37.3024076
-122.1631239, 37.3022173
-122.1632628, 37.3020336
-122.1634196, 37.3018859
-122.1635933, 37.3016776
-122.1636975, 37.3015048
-122.1637315, 37.3014171
-122.1637146, 37.3013562
-122.163541, 37.3011747
-122.1633497, 37.3010696
-122.1629676, 37.3009836
-122.1628118, 37.3009915
-122.1627074, 37.3009232
-122.1626726, 37.3008801
-122.1626904, 37.3007406
-122.1629854, 37.3004632
-122.1632979, 37.3000801
-122.1637494, 37.2993599
-122.1638706, 37.2991174
-122.1640272, 37.2988571
-122.1644435, 37.2984588
-122.1646866, 37.2982849
-122.1648953, 37.2981106
-122.1650514, 37.2979539
-122.1652772, 37.2976152
-122.1653293, 37.297183
-122.1653292, 37.2970073
-122.1652943, 37.2968357
-122.1652945, 37.2966351
-122.1653116, 37.2964189
-122.1653986, 37.2962708
-122.1655894, 37.2960446
-122.1658329, 37.2958367
-122.1660061, 37.2957229
-122.1661622, 37.2956971
-122.1665272, 37.2955329
-122.166701, 37.2955071
-122.1668223, 37.2953772
-122.1668395, 37.2952985
-122.1668395, 37.2952196
-122.1668047, 37.2951157
-122.1667353, 37.2950206
-122.1666314, 37.2949861
-122.1665269, 37.2949155
-122.1663708, 37.2948896
-122.1659367, 37.2949158
-122.1656766, 37.2949073
-122.1653292, 37.2949522
-122.1648952, 37.2949242
-122.1643745, 37.2949432
-122.1641662, 37.2949078
-122.1640273, 37.2947784
-122.1636971, 37.2943524
-122.1635411, 37.2941868
-122.1633849, 37.2940911
-122.1631413, 37.2938573
-122.1629333, 37.2938581
-122.1622386, 37.2936841
-122.1618395, 37.2936138
-122.1610409, 37.2933961
-122.160911, 37.2933914
-122.1603168, 37.2935588
-122.1600961, 37.293489
-122.1598472, 37.2933755
-122.1595156, 37.2932187
-122.1591848, 37.2931334
-122.1587502, 37.2929884
-122.158295, 37.2928381
-122.1580256, 37.2927192
-122.1576114, 37.2925575
-122.1572181, 37.2924232
-122.156685, 37.2920865
-122.1562416, 37.2917931
-122.155961, 37.2913279
-122.155766, 37.291126
-122.1555091, 37.2909026
-122.1550238, 37.2905489
-122.1545723, 37.2901511
-122.1542103, 37.2897635
-122.1538611, 37.2893099
-122.153469, 37.2887301
-122.1533126, 37.2883079
-122.1531043, 37.2875892
-122.152918, 37.2869692
-122.1526135, 37.2854725
-122.1526301, 37.2838949
-122.1527072, 37.2794038
-122.1530025, 37.2721295
-122.152655, 37.2577479
-122.1526549, 37.2499443
-122.1526294, 37.2466525
-122.1526032, 37.2432692
-122.1512489, 37.2298493
-122.1528635, 37.2225755
-122.1526595, 37.2151814
-122.1707621, 37.2152605
-122.1816775, 37.2153052
-122.1907097, 37.2150734
-122.1995589, 37.2149808
-122.2084094, 37.214967
-122.2165199, 37.2149292
-122.242492, 37.214865
-122.2423776, 37.2107227
-122.2420118, 37.1899718
-122.2555937, 37.18978
-122.2655773, 37.1896756
-122.2690496, 37.1896679
-122.2695004, 37.1896505
-122.2720665, 37.1892776
-122.2788007, 37.1883057
-122.2833577, 37.1876216
-122.2885093, 37.1868543
-122.2885103, 37.1868431
-122.2966374, 37.1868767
-122.3172209, 37.1866754
-122.3175411, 37.1866668
-122.316956, 37.182803
-122.3168508, 37.1821062
-122.3163431, 37.1786789
-122.3155967, 37.173539
-122.3154908, 37.172648
-122.3145377, 37.1668558
-122.3137664, 37.1619192
-122.3132285, 37.159175
-122.312222, 37.1522401
-122.3114678, 37.1472181
-122.3067602, 37.1400254
-122.305761, 37.1385082
-122.2982876, 37.1271598
-122.2968636, 37.1249474
-122.2968115, 37.1249471
-122.2938169, 37.1201329
-122.2893602, 37.1132732
-122.2928533, 37.107274
-122.3220529, 37.0479139
-122.329128, 37.0496795
-122.3354939, 37.0513323
-122.3400189, 37.0533785
-122.3430556, 37.0545313
-122.3473044, 37.0565348
-122.35, 37.0586667
-122.3600031, 37.058393
-122.3696511, 37.06202
-122.3760861, 37.065648
-122.3817091, 37.071481
-122.3857391, 37.075893
-122.3894211, 37.080974
-122.3931271, 37.087164
-122.3953581, 37.093741
-122.3968751, 37.102764
-122.3973861, 37.107036
-122.3969161, 37.109888
-122.4043951, 37.113933
-122.4092781, 37.117749
-122.4133621, 37.121791
-122.4157491, 37.124947
-122.4177431, 37.129156
-122.4197571, 37.131882
-122.4213471, 37.135077
-122.4284671, 37.137755
-122.4393411, 37.144664
-122.4456321, 37.150037
-122.4515131, 37.158245
-122.4533531, 37.161678
-122.4554261, 37.166602
-122.4586501, 37.169779
-122.4641171, 37.177848
-122.4659101, 37.181856
-122.4680531, 37.187964
-122.4685721, 37.19348
-122.4685011, 37.195813
-122.4694611, 37.19944
-122.4705161, 37.202156
-122.4715831, 37.207305
-122.4722351, 37.212214
-122.4755381, 37.216102
-122.4790711, 37.221682
-122.4817031, 37.229147
-122.4831421, 37.23474
-122.4836821, 37.242082
-122.4840461, 37.249944
-122.4817741, 37.271088
-122.4760941, 37.294152
-122.4658691, 37.34124
-122.4670051, 37.349889
-122.4874541, 37.388328
-122.5010921, 37.408193
-122.5035431, 37.411902
-122.5058951, 37.41709
-122.5077341, 37.422706
-122.5084151, 37.427102
-122.5093511, 37.4314
-122.5099721, 37.4368
-122.5098891, 37.441554
-122.5145921, 37.442518
-122.5275961, 37.446096
-122.5373381, 37.450738
-122.5469961, 37.457857
-122.5529611, 37.464026
-122.561761, 37.4723354
-122.5638771, 37.474273
-122.5680951, 37.479214
-122.5709581, 37.484472
-122.5727771, 37.489182
-122.5740551, 37.498508
-122.574963, 37.5002847
-122.5790755, 37.511377
-122.5804488, 37.5244479
-122.5804488, 37.5347941
-122.5793913, 37.5447011