122.3220529, 37.0479139
122.2928533, 37.107274
122.2893602, 37.1132732
122.2938169, 37.1201329
122.2968115, 37.1249471
122.2968636, 37.1249474
122.2982876, 37.1271598
122.3064023, 37.1394117
122.3114687, 37.1472192
122.312222, 37.1522401
122.3132286, 37.1591749
122.3137664, 37.1619192
122.3145377, 37.1668558
122.3154908, 37.172648
122.3155967, 37.173539
122.3163431, 37.1786789
122.3175511, 37.1867963
122.2966374, 37.1868767
122.2885103, 37.1868431
122.2885093, 37.1868543
122.2833577, 37.1876216
122.2788018, 37.1883058
122.2720665, 37.1892776
122.2695004, 37.1896505
122.2690496, 37.1896679
122.2655773, 37.1896756
122.2555937, 37.18978
122.2440769, 37.1899797
122.2442082, 37.2114444
122.2443303, 37.2148573
122.2165199, 37.2149292
122.2084094, 37.214967
122.1995589, 37.2149808
122.1907097, 37.2150734
122.1818072, 37.2150857
122.1526595, 37.2151814
122.1526587, 37.2189234
122.1527241, 37.2223757
122.1516093, 37.2268709
122.1510805, 37.2293693
122.1507653, 37.2293671
122.1520356, 37.2408744
122.1522705, 37.2433375
122.1523026, 37.2439027
122.1523505, 37.2483521
122.152655, 37.2577479
122.1530025, 37.2721295
122.1527995, 37.279312
122.1525086, 37.2861556
122.1522787, 37.2846441
122.152251, 37.2845019
122.1522151, 37.2843608
122.1521663, 37.284209
122.1521187, 37.2840834
122.1520585, 37.2839477
122.1519904, 37.2838144
122.1519295, 37.2837093
122.1518314, 37.2835561
122.1517408, 37.2834317
122.1516431, 37.2833108
122.1515207, 37.2831757
122.1514269, 37.2830805
122.151309, 37.2829716
122.1511849, 37.2828672
122.1510549, 37.2827676
122.1508889, 37.2826537
122.150778, 37.2825834
122.1506319, 37.2824992
122.150481, 37.2824205
122.1503256, 37.2823476
122.1501662, 37.2822805
122.1500451, 37.2822229
122.1499287, 37.2821594
122.1498174, 37.2820903
122.1497116, 37.2820159
122.1496118, 37.2819363
122.1495183, 37.281852
122.1494315, 37.2817633
122.1493518, 37.2816704
122.1492794, 37.2815738
122.1492145, 37.2814738
122.1491546, 37.2813643
122.1491087, 37.2812652
122.149068, 37.2811573
122.1490358, 37.2810477
122.1490121, 37.2809367
122.148997, 37.2808247
122.1489907, 37.2807122
122.148993, 37.2805996
122.149004, 37.2804873
122.1490237, 37.2803758
122.1490519, 37.2802654
122.1490886, 37.2801567
122.1491337, 37.28005
122.149732, 37.2791764
122.1497624, 37.2791258
122.1497859, 37.2790729
122.1498022, 37.2790183
122.1498112, 37.2789626
122.1498128, 37.2789065
122.1498069, 37.2788506
122.1496681, 37.2782279
122.1496065, 37.2779164
122.1496012, 37.2777634
122.1496049, 37.2777198
122.1496154, 37.2776768
122.1496348, 37.277631
122.1496554, 37.2775955
122.1496845, 37.2775584
122.1498991, 37.2773595
122.1502189, 37.2771551
122.1504032, 37.2770026
122.1504749, 37.2769336
122.1505412, 37.2768613
122.1506018, 37.2767858
122.1506566, 37.2767076
122.1507052, 37.2766268
122.1507476, 37.2765438
122.1507905, 37.2764398
122.1508168, 37.2763581
122.1508393, 37.2762668
122.150854, 37.2761779
122.1508028, 37.2758069
122.1507776, 37.2757394
122.1507479, 37.275673
122.1506855, 37.2755602
122.150597, 37.2754351
122.1505151, 37.2753417
122.1504498, 37.2752777
122.1503644, 37.2752047
122.1502894, 37.2751487
122.1502102, 37.2750965
122.1501178, 37.2750432
122.1500294, 37.274999
122.1499377, 37.2749593
122.1498431, 37.2749242
122.1497142, 37.2748851
122.1495814, 37.2748544
122.1489697, 37.2748749
122.1488654, 37.2748753
122.1487614, 37.2748694
122.1486583, 37.2748573
122.1485566, 37.274839
122.1484568, 37.2748146
122.1483597, 37.2747843
122.1482657, 37.2747483
122.1481753, 37.2747067
122.1480921, 37.2746618
122.1480132, 37.2746121
122.147939, 37.274558
122.14787, 37.2744997
122.1478064, 37.2744376
122.1465644, 37.2723989
122.1460372, 37.2717512
122.1445965, 37.2702829
122.1445241, 37.2702133
122.1444468, 37.2701474
122.1443353, 37.2700644
122.1442142, 37.2699873
122.1440491, 37.2699002
122.1438736, 37.2698271
122.1437649, 37.2697902
122.1436573, 37.2697597
122.1409765, 37.2690696
122.1407984, 37.269009
122.1405613, 37.2689156
122.1403811, 37.2688345
122.1402095, 37.2687483
122.1399894, 37.2686231
122.1398833, 37.2685562
122.1396673, 37.2684055
122.1395366, 37.2683034
122.1394117, 37.2681969
122.1392928, 37.2680861
122.13918, 37.2679713
122.1382528, 37.2668496
122.1380368, 37.266646
122.13751, 37.2662774
122.1362734, 37.2657651
122.1361519, 37.2656967
122.1360507, 37.2656252
122.1359474, 37.2655331
122.1358893, 37.2654695
122.1358384, 37.2654035
122.135794, 37.2653346
122.1347671, 37.2630922
122.1346973, 37.2630019
122.1346246, 37.2629199
122.1345195, 37.2628167
122.1344486, 37.2627556
122.1343707, 37.2626951
122.1342537, 37.2626147
122.1339113, 37.2624354
122.1336101, 37.2623245
122.13351, 37.2622841
122.1334138, 37.262238
122.133322, 37.2621865
122.1332352, 37.2621297
122.1331537, 37.2620681
122.1330781, 37.2620019
122.1330086, 37.2619315
122.1329457, 37.2618573
122.1328027, 37.2616481
122.1327557, 37.2615623
122.1327021, 37.2614789
122.1326422, 37.2613984
122.1325761, 37.2613211
122.1325141, 37.2612663
122.1323786, 37.2611657
122.1312623, 37.2604281
122.1311308, 37.2603486
122.1310421, 37.2602826
122.1309787, 37.2602435
122.1309117, 37.2602085
122.1308404, 37.260177
122.1307681, 37.2601505
122.1306935, 37.2601285
122.130617, 37.2601112
122.1304991, 37.2600933
122.130303, 37.2600461
122.1300941, 37.2599785
122.1299839, 37.2599349
122.1298767, 37.2598868
122.1297728, 37.2598342
122.1296725, 37.2597774
122.1295761, 37.2597164
122.1294839, 37.2596514
122.129396, 37.2595827
122.1293128, 37.2595104
122.1291645, 37.2593678
122.1290891, 37.2593048
122.1290055, 37.259244
122.1289235, 37.2591915
122.128834, 37.2591417
122.1287405, 37.2590968
122.1286436, 37.2590569
122.1285435, 37.2590223
122.1284393, 37.2589926
122.1283329, 37.2589686
122.1282247, 37.2589504
122.1281152, 37.2589381
122.1280049, 37.2589317
122.127861, 37.2589324
122.1277606, 37.2589387
122.1276268, 37.258955
122.1275354, 37.2589713
122.127357, 37.2590163
122.127202, 37.2590708
122.1270574, 37.2591142
122.1268899, 37.2591476
122.1267185, 37.2591641
122.1266014, 37.2591657
122.1264444, 37.2591558
122.1263455, 37.2591421
122.1262482, 37.2591228
122.1261528, 37.259098
122.1260388, 37.2590817
122.1259237, 37.2590712
122.1258081, 37.2590666
122.1256922, 37.2590679
122.1255026, 37.2590825
122.1253746, 37.2591015
122.1252862, 37.259119
122.1251121, 37.2591651
122.1249508, 37.2592221
122.1244827, 37.2594229
122.124408, 37.2594463
122.1243292, 37.2594649
122.1242478, 37.2594781
122.1241652, 37.2594855
122.1240353, 37.2594854
122.1238962, 37.2594693
122.1237568, 37.2594354
122.1236857, 37.2594105
122.1236174, 37.2593811
122.1235523, 37.2593472
122.123491, 37.2593092
122.1234338, 37.2592672
122.1228787, 37.2588252
122.1218696, 37.2577566
122.1217478, 37.2577028
122.1211275, 37.2572745
122.1202535, 37.256584
122.1201552, 37.2565194
122.1200383, 37.2564511
122.1199286, 37.2563951
122.1198139, 37.2563436
122.1196955, 37.2562976
122.119574, 37.2562574
122.1194771, 37.2562297
122.1193849, 37.2562072
122.1192469, 37.2561864
122.1191056, 37.2561553
122.1190067, 37.2561269
122.1189186, 37.2560967
122.1185201, 37.2558891
122.1181229, 37.2554695
122.1181613, 37.2540043
122.1156953, 37.2518284
122.115737, 37.2515095
122.1153538, 37.2515271
122.1143813, 37.2506688
122.1142231, 37.2505481
122.1140698, 37.2504234
122.1139214, 37.2502948
122.1137784, 37.2501626
122.113629, 37.2500146
122.1135084, 37.2498876
122.1133817, 37.2497451
122.1132608, 37.2495994
122.1130602, 37.2493328
122.1129671, 37.2491963
122.1119074, 37.2474768
122.111463, 37.2458217
122.1091986, 37.2440524
122.1060905, 37.2410174
122.105968, 37.2408889
122.105862, 37.2407685
122.1057601, 37.240643
122.1056624, 37.2405117
122.1055711, 37.2403775
122.1054864, 37.2402405
122.1054084, 37.240101
122.1053372, 37.2399592
122.105273, 37.2398153
122.1052157, 37.2396695
122.1051656, 37.2395221
122.1051227, 37.2393732
122.1050871, 37.2392231
122.1050587, 37.239072
122.1050377, 37.2389201
122.1050357, 37.238631
122.1051183, 37.2384105
122.1050578, 37.2382702
122.1054135, 37.2369552
122.105726, 37.2369035
122.1055043, 37.2366407
122.1055278, 37.236532
122.1055445, 37.2364098
122.105551, 37.2362982
122.1055488, 37.236184
122.1055377, 37.2360687
122.1057509, 37.2359328
122.1055161, 37.2358364
122.1052331, 37.23516
122.1050382, 37.2345667
122.1046813, 37.2345318
122.1045641, 37.2344187
122.1044756, 37.2343454
122.1043978, 37.2342884
122.1042416, 37.234191
122.1040879, 37.2341133
122.1039786, 37.2340669
122.1038452, 37.2340196
122.1037108, 37.2339811
122.1036184, 37.2339597
122.1033244, 37.2339241
122.1020622, 37.2338078
122.1016336, 37.2337406
122.1011757, 37.2336427
122.1008532, 37.233563
122.1007279, 37.2335261
122.1004737, 37.2334411
122.1000321, 37.2332773
122.0954013, 37.2306784
122.0945037, 37.2301689
122.0943335, 37.2300436
122.0941562, 37.2298921
122.0939984, 37.2297339
122.0938512, 37.2295596
122.0937618, 37.2294362
122.0936834, 37.2293131
122.0936236, 37.2292069
122.0935651, 37.2290886
122.0934952, 37.2289182
122.0934382, 37.2287376
122.0934081, 37.2286102
122.093386, 37.2284807
122.093371, 37.2283375
122.0934248, 37.227127
122.0934227, 37.2268875
122.0934088, 37.2266983
122.093391, 37.2265543
122.0933681, 37.226416
122.093325, 37.226219
122.0932973, 37.2261161
122.0932379, 37.225926
122.0931804, 37.2257709
122.0931197, 37.2256276
122.0929981, 37.2253809
122.0929039, 37.2252163
122.0928072, 37.2250647
122.0927122, 37.22493
122.0926256, 37.2248149
122.0925293, 37.2246968
122.0923361, 37.2244831
122.0922046, 37.2243527
122.0920667, 37.2242265
122.0919225, 37.2241049
122.0917725, 37.2239882
122.0916088, 37.2238708
122.0914468, 37.2237639
122.0912796, 37.2236624
122.091117, 37.2235714
122.0909374, 37.2234789
122.0907603, 37.2233957
122.0903708, 37.223248
122.0903073, 37.2230536
122.0893528, 37.2226781
122.0885803, 37.222732
122.0855173, 37.222259
122.0853014, 37.2223719
122.0847578, 37.2222538
122.0843998, 37.222262
122.0839932, 37.2222881
122.0837052, 37.2223176
122.0834183, 37.2223558
122.0831322, 37.2224034
122.0828683, 37.2224558
122.0825824, 37.2225216
122.0824042, 37.2225678
122.0820777, 37.2225093
122.081958, 37.222841
122.0808199, 37.223189
122.0806794, 37.2232117
122.0805374, 37.2232277
122.0804131, 37.2232356
122.0802512, 37.2232391
122.080108, 37.2232346
122.0798905, 37.2232145
122.0796736, 37.2231781
122.0794996, 37.2231367
122.0793544, 37.2230929
122.0791525, 37.2230171
122.0789974, 37.2229459
122.0788737, 37.2228794
122.0787484, 37.2228026
122.0786346, 37.222723
122.0785508, 37.2226575
122.0784712, 37.2225888
122.0783813, 37.222502
122.0782597, 37.2223663
122.078192, 37.2222783
122.0781423, 37.2222051
122.0780749, 37.2220942
122.0780258, 37.2219986
122.0779831, 37.2219011
122.0779472, 37.2218019
122.0779179, 37.2217012
122.077554, 37.2209918
122.0774694, 37.2208622
122.0773776, 37.2207357
122.0772919, 37.2206291
122.077173, 37.2204934
122.0770607, 37.220378
122.076942, 37.2202667
122.0768172, 37.22016
122.0766863, 37.2200577
122.0765499, 37.2199603
122.0764081, 37.2198679
122.0762684, 37.219785
122.0761097, 37.219699
122.0759536, 37.2196228
122.0742355, 37.2192186
122.0733013, 37.2179184
122.0697887, 37.2157872
122.0686854, 37.2149239
122.06855, 37.2147857
122.0684903, 37.2147158
122.0683889, 37.2145791
122.0683258, 37.2144795
122.0682652, 37.2143676
122.068192, 37.2141976
122.0681725, 37.2141415
122.0678108, 37.2124397
122.0676009, 37.2118654
122.0660796, 37.2104555
122.0653942, 37.2101115
122.0652622, 37.210055
122.0651264, 37.2100044
122.0649873, 37.2099599
122.0648454, 37.2099216
122.064701, 37.2098897
122.0645546, 37.2098643
122.0644067, 37.2098454
122.0642726, 37.2098343
122.0641081, 37.2098273
122.0639583, 37.2098283
122.0638088, 37.2098359
122.0636601, 37.2098501
122.0635126, 37.2098708
122.0632598, 37.2099282
122.0631404, 37.2099612
122.0629044, 37.2100387
122.0627308, 37.2101066
122.0626014, 37.2101639
122.0624174, 37.2102558
122.0622346, 37.2103609
122.0620943, 37.2104526
122.061977, 37.210537
122.0618232, 37.2106604
122.0603423, 37.2122072
122.0602578, 37.2122742
122.0601614, 37.2123372
122.0596128, 37.2126456
122.0595199, 37.2126837
122.0593896, 37.212723
122.059254, 37.2127487
122.0591155, 37.2127602
122.0583787, 37.2126295
122.0571091, 37.2127215
122.055835, 37.211883
122.0557029, 37.2117787
122.0556418, 37.2117214
122.055546, 37.2116164
122.0554625, 37.2115025
122.0553929, 37.2113806
122.0553432, 37.2112654
122.0553092, 37.211156
122.0552911, 37.2110709
122.0552801, 37.2109851
122.0552548, 37.2105209
122.0552584, 37.2104526
122.0552548, 37.2103843
122.055244, 37.2103164
122.0552259, 37.2102487
122.0551789, 37.2101373
122.0551478, 37.210084
122.0550959, 37.210012
122.0550356, 37.2099448
122.0549806, 37.2098943
122.0542482, 37.2092937
122.0525674, 37.2081759
122.052405, 37.2081969
122.049374, 37.2061943
122.0484589, 37.2054715
122.0479695, 37.2055392
122.0471996, 37.2048677
122.0456893, 37.2025004
122.0455682, 37.2023284
122.0454295, 37.2021632
122.0453449, 37.202075
122.0452358, 37.2019723
122.0444465, 37.2012818
122.0444381, 37.2014149
122.0437221, 37.2009887
122.0440036, 37.2004844
122.0436907, 37.2003891
122.043761, 37.2000231
122.0431012, 37.1996924
122.0426609, 37.1995876
122.0424608, 37.1995794
122.0420111, 37.1992998
122.0422321, 37.1989685
122.0421337, 37.1988539
122.0420428, 37.1987386
122.0419575, 37.1986205
122.0418786, 37.1985012
122.0418062, 37.1983808
122.0417396, 37.1982583
122.0416789, 37.1981338
122.0416241, 37.1980076
122.0415487, 37.1978024
122.0414833, 37.1975702
122.0414556, 37.1974406
122.0414339, 37.1973103
122.0414183, 37.1971795
122.0414076, 37.1969979
122.0413989, 37.1969479
122.0413828, 37.1968992
122.0413596, 37.1968523
122.0413343, 37.1968138
122.0413041, 37.1967776
122.0412694, 37.1967441
122.0412178, 37.1967049
122.041152, 37.1966673
122.0410344, 37.1966175
122.0409646, 37.1965772
122.0409226, 37.1965458
122.0408762, 37.1965027
122.0408369, 37.1964553
122.0408053, 37.1964044
122.0407817, 37.1963507
122.0407665, 37.1962951
122.0407601, 37.1962384
122.0407625, 37.1961815
122.040753, 37.1961049
122.0407356, 37.1960292
122.0407159, 37.1959709
122.0406778, 37.1958826
122.0406378, 37.1958127
122.0405961, 37.1957526
122.040549, 37.1956951
122.0404967, 37.1956406
122.0404396, 37.1955893
122.0403686, 37.1955351
122.040275, 37.1954753
122.0402091, 37.1954403
122.0401309, 37.195405
122.039545, 37.1950535
122.0394074, 37.194945
122.0393466, 37.1949076
122.0392816, 37.1948749
122.0392131, 37.1948471
122.0391417, 37.1948247
122.0390679, 37.1948076
122.0386996, 37.1947372
122.0385851, 37.1947117
122.0384733, 37.1946797
122.0383647, 37.1946412
122.0382844, 37.194607
122.0381593, 37.1945459
122.0380637, 37.1944896
122.0379734, 37.1944278
122.037889, 37.1943609
122.0378109, 37.1942893
122.0375746, 37.1940253
122.0373225, 37.1938414
122.0372628, 37.1937887
122.037208, 37.1937327
122.0371584, 37.1936737
122.0371142, 37.193612
122.0368636, 37.1931603
122.0368317, 37.1931099
122.0367928, 37.1930627
122.0367474, 37.1930194
122.0366961, 37.1929805
122.0366397, 37.1929465
122.0365787, 37.1929179
122.0361384, 37.1927374
122.0359403, 37.1926466
122.0358455, 37.1925958
122.0357286, 37.1925255
122.0354409, 37.1923227
122.0353719, 37.1922771
122.0352981, 37.1922365
122.0351322, 37.1921654
122.0349412, 37.1920764
122.0347483, 37.1920434
122.0345922, 37.1920041
122.0336336, 37.1914015
122.0329972, 37.1913744
122.0322323, 37.191207
122.0321349, 37.1911432
122.0318527, 37.1910818
122.0316342, 37.1908777
122.0315473, 37.1908145
122.0312563, 37.1904745
122.030837, 37.1902139
122.0307787, 37.1898952
122.0307697, 37.1898185
122.0308923, 37.1893023
122.0309861, 37.1891887
122.031189, 37.1889909
122.0316553, 37.1886536
122.0316885, 37.1886193
122.0317053, 37.1885804
122.0317069, 37.1885473
122.0317028, 37.1885279
122.0316895, 37.1885001
122.031505, 37.1879908
122.0314922, 37.1879203
122.0314903, 37.1878589
122.0314975, 37.1877977
122.0315104, 37.1877461
122.031529, 37.187697
122.0315775, 37.1876041
122.0316121, 37.1875131
122.0317036, 37.1870383
122.0317219, 37.1869814
122.031751, 37.1869311
122.0317967, 37.1868811
122.0318322, 37.1868533
122.031871, 37.1868299
122.0319133, 37.1868108
122.032067, 37.1867551
122.0321794, 37.1867189
122.032399, 37.1866592
122.0326233, 37.1866118
122.0327369, 37.186593
122.032789, 37.1865879
122.0328396, 37.186577
122.0328878, 37.1865604
122.0329325, 37.1865385
122.0329993, 37.1864898
122.0330265, 37.1864609
122.0330544, 37.186421
122.0330772, 37.1863689
122.0331032, 37.1862457
122.0331204, 37.1861917
122.033116, 37.1859729
122.0330677, 37.1857843
122.0331006, 37.1855824
122.033104, 37.185544
122.033096, 37.1854736
122.0330827, 37.1854333
122.0330596, 37.1853881
122.0325068, 37.1847388
122.0324323, 37.1846803
122.0323631, 37.1846193
122.0322968, 37.1845525
122.0322446, 37.1844929
122.0320912, 37.1843007
122.03205, 37.1840942
122.0320191, 37.1840296
122.0319053, 37.1838832
122.0318419, 37.183677
122.0318223, 37.1834407
122.0318682, 37.1827954
122.0318365, 37.1826894
122.0316699, 37.1824964
122.0310185, 37.1820909
122.0307576, 37.1819819
122.0307573, 37.1818656
122.0307495, 37.1817494
122.030734, 37.1816338
122.0307109, 37.1815189
122.0306804, 37.1814052
122.0306424, 37.1812929
122.0305801, 37.181145
122.0305232, 37.1810335
122.0304667, 37.1809372
122.0304095, 37.18085
122.0303439, 37.1807606
122.0302216, 37.1806152
122.0301393, 37.1805298
122.0300519, 37.1804476
122.0299597, 37.180369
122.0298627, 37.1802941
122.0297502, 37.1802156
122.0296344, 37.180143
122.029514, 37.1800755
122.0293892, 37.1800132
122.0292903, 37.179973
122.0292267, 37.1799422
122.0291074, 37.1798723
122.0290505, 37.1798321
122.0289502, 37.1797478
122.0288973, 37.1796849
122.0288378, 37.1796259
122.0287723, 37.1795713
122.0287087, 37.1795259
122.0286443, 37.1794866
122.0285405, 37.1794346
122.0284562, 37.1794012
122.0284112, 37.1793855
122.0282739, 37.1793546
122.028188, 37.1793273
122.0280922, 37.1792897
122.0280245, 37.1792573
122.0275856, 37.1790206
122.0275059, 37.1789655
122.0274343, 37.1788957
122.0274027, 37.1788546
122.0273763, 37.1788112
122.0273456, 37.1787399
122.0273262, 37.1786461
122.0273288, 37.178552
122.0273532, 37.17846
122.0276354, 37.1780044
122.0276288, 37.1778616
122.0275261, 37.1776967
122.0268131, 37.1772552
122.0267416, 37.1772021
122.0266849, 37.1771436
122.0266571, 37.1771054
122.0266338, 37.1770644
122.0266129, 37.1770139
122.0265995, 37.1769618
122.0265939, 37.1769088
122.0265874, 37.1767014
122.0266049, 37.1766152
122.0266135, 37.1765281
122.0266124, 37.1764178
122.0266052, 37.1763537
122.0265882, 37.1762674
122.0265404, 37.1761246
122.0265338, 37.1759927
122.0265066, 37.1758718
122.0264594, 37.1754049
122.02644, 37.1752936
122.0264359, 37.1751832
122.0264519, 37.1750247
122.0264492, 37.1749669
122.0264406, 37.1749133
122.026426, 37.1748606
122.0264055, 37.1748092
122.0263644, 37.1747347
122.0259657, 37.1742579
122.0259138, 37.1741723
122.0258799, 37.1740812
122.0258647, 37.173987
122.0258928, 37.1736575
122.0259202, 37.1735438
122.0259475, 37.1734738
122.0259712, 37.1734261
122.0260391, 37.1733222
122.0260839, 37.1732688
122.0261338, 37.1732183
122.0264022, 37.1731195
122.0264772, 37.1730732
122.0265465, 37.1730231
122.0266107, 37.1729688
122.0266695, 37.1729107
122.0267225, 37.1728492
122.0267699, 37.172784
122.0268102, 37.1727168
122.026844, 37.1726474
122.0268709, 37.1725761
122.0268909, 37.1725039
122.0269076, 37.1723877
122.0269176, 37.1723466
122.0269332, 37.1723073
122.0269548, 37.1722697
122.026982, 37.1722346
122.0270143, 37.1722024
122.0270807, 37.1721546
122.0271306, 37.1721297
122.02724, 37.1720922
122.0272932, 37.1720694
122.0273431, 37.1720424
122.0273895, 37.1720116
122.0274565, 37.1719536
122.0275086, 37.1718912
122.027554, 37.1718089
122.0275768, 37.1717353
122.0275841, 37.1716834
122.0275844, 37.1716312
122.0275775, 37.1715792
122.0275631, 37.1715266
122.0275271, 37.1714492
122.027503, 37.1714127
122.0269259, 37.1710116
122.0268816, 37.1709771
122.0268425, 37.1709388
122.0268085, 37.1708967
122.0267811, 37.1708526
122.0267602, 37.1708063
122.0267457, 37.1707573
122.0267386, 37.1707143
122.0267378, 37.1706546
122.0267442, 37.170608
122.0267717, 37.1705099
122.0267803, 37.1704566
122.0267829, 37.1704019
122.0267791, 37.1703493
122.0267695, 37.1702962
122.0267578, 37.1702686
122.0267375, 37.1702446
122.0267101, 37.1702256
122.0266615, 37.1702098
122.0263932, 37.1701975
122.0263202, 37.1701862
122.0262487, 37.1701698
122.0261839, 37.1701499
122.0261206, 37.1701259
122.0260583, 37.1700968
122.0259995, 37.1700635
122.0259352, 37.1700195
122.0258768, 37.1699707
122.0258247, 37.1699174
122.0257796, 37.1698602
122.0257418, 37.1697997
122.0257117, 37.1697364
122.0256897, 37.1696711
122.0256759, 37.1696044
122.0256706, 37.1695369
122.0256736, 37.1694693
122.0256851, 37.1694023
122.0257049, 37.1693365
122.0257328, 37.1692726
122.0257685, 37.1692113
122.0258117, 37.1691532
122.0261446, 37.1687484
122.0261624, 37.1687153
122.0261831, 37.1686443
122.0261854, 37.1686088
122.0261814, 37.1685669
122.0260992, 37.168309
122.0260736, 37.1682016
122.0260541, 37.1680935
122.0260407, 37.1679849
122.0260333, 37.1678755
122.0260322, 37.1677662
122.0260372, 37.167657
122.0260666, 37.1674274
122.0260614, 37.1674032
122.0260442, 37.167379
122.0260066, 37.1673571
122.0259664, 37.1673514
122.0251118, 37.1673812
122.0250056, 37.1673813
122.0248524, 37.1673714
122.0246794, 37.1673456
122.0245825, 37.167324
122.0244875, 37.1672975
122.0243886, 37.167264
122.0242942, 37.1672258
122.0242031, 37.1671827
122.0240511, 37.1670983
122.0239521, 37.1670491
122.0238491, 37.1670055
122.0237427, 37.1669675
122.0236334, 37.1669354
122.0235356, 37.1669126
122.0234077, 37.1668894
122.0232925, 37.1668756
122.0231858, 37.1668688
122.0230599, 37.1668671
122.0229436, 37.1668723
122.0228349, 37.1668831
122.0227137, 37.1669015
122.0226011, 37.1669255
122.0224909, 37.1669554
122.0223999, 37.1669854
122.0223112, 37.1670195
122.022225, 37.1670576
122.0221298, 37.1671059
122.0220506, 37.1671521
122.0218814, 37.1672649
122.0218202, 37.167297
122.021755, 37.1673237
122.0216912, 37.1673435
122.0216263, 37.1673579
122.0215626, 37.1673668
122.0214929, 37.1673711
122.0214256, 37.1673697
122.0213588, 37.167363
122.0212974, 37.1673521
122.0212445, 37.1673386
122.0211781, 37.1673162
122.0211149, 37.1672883
122.0210558, 37.1672553
122.0210014, 37.1672174
122.0209523, 37.1671751
122.0209122, 37.1671305
122.0208676, 37.1670886
122.0208188, 37.1670499
122.0207643, 37.1670133
122.0207077, 37.1669814
122.0206479, 37.1669533
122.0205854, 37.1669293
122.020514, 37.166908
122.0203862, 37.1668834
122.0202851, 37.1668489
122.0201931, 37.1668121
122.0201018, 37.166769
122.0200145, 37.1667217
122.019934, 37.1666715
122.0198459, 37.1665886
122.0198036, 37.1665368
122.0197708, 37.1664872
122.019743, 37.1664345
122.0197192, 37.1663748
122.0197026, 37.1663136
122.0196934, 37.1662514
122.019673, 37.1662093
122.019647, 37.1661693
122.0196156, 37.1661317
122.0195517, 37.1660754
122.0194828, 37.1660326
122.0194396, 37.1660126
122.0193374, 37.1659808
122.0192835, 37.1659715
122.0190968, 37.1659464
122.0189164, 37.1659275
122.0187283, 37.1659133
122.018545, 37.1659047
122.0183615, 37.1659015
122.0181531, 37.1659043
122.0178945, 37.1659167
122.0177975, 37.1659076
122.0176698, 37.1658898
122.01756, 37.165868
122.0174501, 37.1658403
122.0172235, 37.1657675
122.0170943, 37.1657405
122.0169593, 37.1657279
122.0167895, 37.1657283
122.0167262, 37.1657233
122.0166622, 37.1657126
122.0166011, 37.1656972
122.0165423, 37.1656767
122.0164527, 37.1656369
122.0163688, 37.1655913
122.0162887, 37.1655391
122.0162389, 37.1655013
122.0161482, 37.1654189
122.0160892, 37.1653766
122.0160254, 37.165339
122.0159561, 37.1653057
122.015836, 37.1652629
122.0157561, 37.1652438
122.0156737, 37.1652307
122.0156166, 37.1652255
122.0155597, 37.1652318
122.0155041, 37.1652436
122.0154508, 37.1652609
122.0154093, 37.1652788
122.0153717, 37.1652991
122.0153226, 37.1653332
122.0152586, 37.1653964
122.0150079, 37.1657049
122.0148896, 37.1658312
122.014745, 37.1659625
122.0146163, 37.1658337
122.0146426, 37.165798
122.0146817, 37.1657213
122.0146947, 37.1656802
122.0147051, 37.1655987
122.0146919, 37.165437
122.0146776, 37.1653427
122.0146564, 37.1652474
122.0146281, 37.1651505
122.014595, 37.1650601
122.0145534, 37.1649658
122.0144852, 37.1648383
122.0144137, 37.1646795
122.0143617, 37.1645516
122.0143038, 37.1643888
122.0142543, 37.1642243
122.0142183, 37.1640825
122.0141891, 37.163943
122.0141648, 37.163781
122.0141497, 37.1637587
122.0141242, 37.1637446
122.0140564, 37.1636851
122.014002, 37.1636273
122.013964, 37.1635802
122.0138982, 37.1634766
122.0138721, 37.1634222
122.0138388, 37.1633264
122.0138174, 37.1632038
122.0138984, 37.1627986
122.0133891, 37.1626922
122.0131997, 37.1624887
122.0123859, 37.1622136
122.0116146, 37.1621697
122.011391, 37.1619627
122.0114425, 37.1617076
122.0109368, 37.1610757
122.0104912, 37.1609029
122.010213, 37.160834
122.0099877, 37.1607552
122.0098502, 37.1605407
122.0098779, 37.1603774
122.009818, 37.1603178
122.0095193, 37.1602116
122.0092972, 37.159686
122.0091681, 37.1596228
122.0085849, 37.1597161
122.0083347, 37.159781
122.0081242, 37.1596909
122.0080674, 37.1594852
122.00794, 37.1594012
122.0075117, 37.1592541
122.0073213, 37.1592334
122.0069711, 37.1592478
122.0067473, 37.1590993
122.006613, 37.1586823
122.0064923, 37.1586177
122.0061291, 37.1585459
122.0059534, 37.1584449
122.005942, 37.1582063
122.0059143, 37.1582005
122.005362, 37.158319
122.0048289, 37.1585928
122.0044887, 37.1585031
122.004096, 37.1584878
122.0037245, 37.158498
122.0037239, 37.1584708
122.003548, 37.1584751
122.0031965, 37.1586164
122.002984, 37.1585731
122.0025704, 37.1583951
122.0023412, 37.1582535
122.0022139, 37.1580416
122.0021848, 37.1578063
122.0020912, 37.1576892
122.001904, 37.1575595
122.0015612, 37.1574144
122.0014518, 37.1572649
122.0014063, 37.1569368
122.0012137, 37.1563041
122.0011201, 37.1560825
122.0003447, 37.1548911
122.0001837, 37.1545844
122.000016, 37.1544374
121.9996485, 37.1542823
121.9992844, 37.1539675
121.9990747, 37.1535995
121.9989459, 37.1534367
121.9982569, 37.1533943
121.9979328, 37.1531911
121.9980234, 37.1527601
121.997813, 37.1525238
121.9975557, 37.1523601
121.9972083, 37.1522166
121.9962863, 37.151915
121.9961087, 37.1518111
121.9959077, 37.1514673
121.9950696, 37.1506949
121.9944764, 37.1502034
121.9941148, 37.1499655
121.993855, 37.1495257
121.9936027, 37.1492313
121.9934817, 37.1488523
121.9932117, 37.1484179
121.9924146, 37.1467017
121.9922909, 37.1463358
121.991552, 37.1453357
121.9909932, 37.1443967
121.9903937, 37.1444387
121.9892207, 37.1438649
121.9884149, 37.1439791
121.987726, 37.1443655
121.9872819, 37.144981
121.9865953, 37.1447919
121.9847032, 37.1447712
121.984915, 37.1442071
121.984052, 37.143726
121.9816706, 37.1426914
121.9808725, 37.1423819
121.9802812, 37.1423344
121.9799473, 37.1424369
121.9794077, 37.142254
121.9783014, 37.1418199
121.9773708, 37.1418217
121.9769687, 37.1419497
121.9766684, 37.1419114
121.9763817, 37.1418207
121.9753041, 37.1418271
121.9752993, 37.1418436
121.9748861, 37.1418552
121.9749269, 37.1423655
121.9736512, 37.1419973
121.9736249, 37.1419939
121.9728031, 37.1417464
121.9726165, 37.1416679
121.972517, 37.1416189
121.9723878, 37.1415465
121.9721892, 37.1414255
121.9720693, 37.1413438
121.9719483, 37.1412522
121.9718332, 37.1411551
121.9716597, 37.1409947
121.9715832, 37.1409155
121.9715063, 37.1408195
121.9699852, 37.1387924
121.9697816, 37.1383627
121.9696021, 37.1383131
121.9693201, 37.1380469
121.9691243, 37.1379003
121.9689697, 37.1377958
121.9688614, 37.1377278
121.9685389, 37.1374248
121.9678587, 37.136997
121.9676271, 37.1373139
121.9670509, 37.1368034
121.9668416, 37.1365997
121.9662683, 37.1361011
121.9661043, 37.1359724
121.9638696, 37.1340527
121.9635537, 37.1338826
121.9633265, 37.13371
121.9630884, 37.1335472
121.96284, 37.1333945
121.9626473, 37.1332869
121.9624878, 37.1332769
121.9617758, 37.1329289
121.9608253, 37.1325953
121.9605066, 37.1325217
121.9604056, 37.1324789
121.9604263, 37.1324487
121.9577308, 37.1314995
121.9574871, 37.1313917
121.9573315, 37.1313179
121.9570456, 37.1311712
121.9569002, 37.131091
121.9566452, 37.1309239
121.9559969, 37.1305651
121.9553102, 37.1300462
121.9551839, 37.1299399
121.9550527, 37.1298377
121.9549168, 37.1297395
121.9547764, 37.1296455
121.9546541, 37.1295697
121.9544828, 37.1294706
121.9542971, 37.1293734
121.9541085, 37.1292841
121.9539639, 37.1292217
121.9538167, 37.1291632
121.9536671, 37.1291088
121.9535152, 37.1290585
121.9533405, 37.1290064
121.9531683, 37.1289609
121.9529941, 37.1289207
121.9475747, 37.1279746
121.9465372, 37.1277823
121.944546, 37.1273273
121.9439388, 37.1271712
121.9432843, 37.1269912
121.9428718, 37.1268717
121.9424614, 37.1267478
121.9420531, 37.1266195
121.9416412, 37.1264849
121.9411694, 37.1263246
121.9407009, 37.1261585
121.9402355, 37.1259865
121.9375595, 37.1249707
121.9368267, 37.1248495
121.9363956, 37.1245705
121.9348858, 37.1239247
121.9346527, 37.1240849
121.9345999, 37.1240243
121.9344946, 37.1239233
121.9344326, 37.1238741
121.9343097, 37.1237929
121.9332255, 37.1232414
121.9329182, 37.1230549
121.9327224, 37.1229258
121.9325322, 37.1227915
121.9322535, 37.1225777
121.9321074, 37.1224567
121.9319654, 37.1223326
121.9318278, 37.1222054
121.9310843, 37.1214731
121.9305881, 37.1218832
121.9306184, 37.1223049
121.9303049, 37.1233393
121.9299757, 37.1235567
121.9290953, 37.1236186
121.9281445, 37.1225358
121.9265521, 37.1221903
121.925626, 37.1219163
121.9251463, 37.1217015
121.9240502, 37.1212803
121.9239296, 37.1211325
121.9216006, 37.1197006
121.9213912, 37.119646
121.9206074, 37.1191668
121.9203888, 37.1190403
121.9146924, 37.1156304
121.911511, 37.1138854
121.9100612, 37.1131794
121.9099449, 37.1131704
121.909803, 37.1131721
121.9096033, 37.1131849
121.9094297, 37.1132128
121.909218, 37.1132722
121.9090701, 37.1132998
121.9089992, 37.1133058
121.9087628, 37.1133021
121.9085738, 37.1133161
121.9082401, 37.1134079
121.907988, 37.1133799
121.9072438, 37.1132214
121.9070139, 37.1132513
121.9068445, 37.1132655
121.9066837, 37.1132727
121.9065226, 37.1132737
121.906358, 37.1132686
121.9061979, 37.1132576
121.9059762, 37.1132342
121.9058551, 37.1132118
121.9057827, 37.1131919
121.9057139, 37.1131677
121.9056478, 37.1131392
121.9055848, 37.1131065
121.9054889, 37.1130443
121.9054311, 37.1129977
121.9053787, 37.1129473
121.905332, 37.1128934
121.9052914, 37.1128364
121.9052515, 37.1127284
121.9051768, 37.1125742
121.9051299, 37.112497
121.9050766, 37.1124222
121.9050172, 37.1123503
121.9049512, 37.1122809
121.9048801, 37.1122156
121.9048051, 37.1121551
121.9047253, 37.1120987
121.9046399, 37.1120459
121.9045489, 37.1119968
121.9044578, 37.1119544
121.9044127, 37.1119128
121.9043858, 37.11188
121.904349, 37.1118156
121.9043365, 37.1117802
121.9043286, 37.111744
121.9043199, 37.1116381
121.9043068, 37.1115696
121.9042861, 37.1115022
121.9042579, 37.1114357
121.9042229, 37.1113727
121.9041785, 37.1113091
121.9041066, 37.1112276
121.903916, 37.111098
121.9038789, 37.1110809
121.9038388, 37.1110687
121.9037973, 37.1110617
121.9037548, 37.1110601
121.9036816, 37.1110702
121.9034658, 37.1111474
121.9034195, 37.1111591
121.9033969, 37.1111692
121.9033593, 37.1111947
121.903326, 37.1112368
121.9032138, 37.1115855
121.9029726, 37.1116212
121.9024622, 37.1111814
121.9022161, 37.1112026
121.9018696, 37.1114663
121.9012146, 37.1115948
121.9010708, 37.1114722
121.9009919, 37.1111551
121.9006922, 37.1109979
121.9005963, 37.1109954
121.9005367, 37.1109814
121.9004819, 37.1109784
121.9003368, 37.1110314
121.9001644, 37.1110883
121.8999368, 37.1111239
121.8998552, 37.1111541
121.8996868, 37.1111817
121.8988571, 37.1107456
121.8981681, 37.1107649
121.8979555, 37.1106248
121.8976408, 37.1106359
121.8972844, 37.1101283
121.8970143, 37.1100841
121.8969754, 37.1099566
121.8968043, 37.109838
121.8965444, 37.109852
121.8964051, 37.1097294
121.8964699, 37.1095312
121.8957905, 37.1098172
121.8955104, 37.1097255
121.8955072, 37.1095537
121.8949343, 37.1099188
121.8947519, 37.109687
121.8949476, 37.1094105
121.8948857, 37.1092686
121.8943824, 37.1092052
121.8943019, 37.1090526
121.8947227, 37.1088502
121.8948243, 37.1086698
121.8947915, 37.1086227
121.8942383, 37.1083295
121.893711, 37.1084491
121.8934533, 37.1080903
121.8932425, 37.1080453
121.8927326, 37.1083657
121.8925067, 37.1084891
121.8922166, 37.1083404
121.8924781, 37.1076851
121.892384, 37.1075364
121.8922905, 37.1074132
121.8919704, 37.1071392
121.8919464, 37.1070737
121.8918946, 37.1069902
121.8918533, 37.1069761
121.8917003, 37.1068463
121.8912438, 37.1068444
121.8910493, 37.1066932
121.8905404, 37.1068515
121.8897924, 37.106433
121.8902888, 37.1063001
121.8902831, 37.106238
121.8902255, 37.1060851
121.8906712, 37.1055022
121.890549, 37.1053136
121.8905179, 37.1052859
121.8904794, 37.1052665
121.8903009, 37.1052251
121.8901417, 37.1052563
121.8900275, 37.1052503
121.8896689, 37.1053606
121.8893664, 37.1052911
121.8892167, 37.1053561
121.8891142, 37.1053939
121.8890092, 37.105427
121.8889021, 37.1054554
121.8887905, 37.1054798
121.8886794, 37.1054987
121.8885672, 37.1055126
121.8885406, 37.1054558
121.8885089, 37.1054007
121.8884295, 37.1052956
121.8883343, 37.1052036
121.8882512, 37.1051413
121.8852282, 37.1081676
121.870882, 37.1027246
121.8615458, 37.1045079
121.8617214, 37.0993966
121.8609549, 37.0994055
121.8605389, 37.0993714
121.8597017, 37.0992608
121.8593794, 37.0991942
121.8591714, 37.0991736
121.8590467, 37.0991699
121.8587852, 37.099196
121.8585685, 37.0992014
121.858293, 37.0991838
121.8581776, 37.0991646
121.8579789, 37.0991417
121.857816, 37.0991512
121.85773, 37.0991676
121.8573137, 37.099321
121.8571417, 37.0993563
121.8569182, 37.0993768
121.8567264, 37.0993867
121.8565886, 37.0993704
121.856467, 37.0993641
121.8558649, 37.0992967
121.8557789, 37.099269
121.8557128, 37.0992365
121.8556359, 37.0991815
121.8554666, 37.0990042
121.8551891, 37.0987307
121.8550944, 37.0986448
121.8550221, 37.0985983
121.8546316, 37.098471
121.8542365, 37.0984333
121.8541436, 37.0984493
121.8540161, 37.0984408
121.8537003, 37.0984967
121.8536414, 37.0984999
121.8535241, 37.0985386
121.8532147, 37.0986043
121.853113, 37.0986478
121.8529092, 37.0987173
121.852588, 37.0988131
121.8524177, 37.0988449
121.8522725, 37.0988839
121.8520491, 37.0988989
121.8519718, 37.0989197
121.8518849, 37.0989207
121.8516177, 37.0989164
121.8514339, 37.0988837
121.8513122, 37.0988527
121.8509528, 37.09873
121.850837, 37.0986791
121.8503924, 37.0984412
121.8503515, 37.0984253
121.8503067, 37.0984148
121.8502627, 37.0984108
121.8502173, 37.0984126
121.8499078, 37.0984734
121.8497092, 37.0984807
121.8495287, 37.0984654
121.8493104, 37.0984107
121.849057, 37.0983091
121.8488095, 37.0981901
121.8484644, 37.0979975
121.8483101, 37.0978824
121.8480813, 37.097589
121.8480692, 37.0975573
121.8480433, 37.0975153
121.8480007, 37.0974744
121.8479544, 37.0974461
121.8479325, 37.0974364
121.8477301, 37.0974064
121.8476501, 37.0974035
121.847599, 37.0973959
121.8475371, 37.0973813
121.8473685, 37.097331
121.8471429, 37.0972192
121.8469591, 37.097114
121.8469137, 37.0970926
121.8468555, 37.0970713
121.8467485, 37.0970471
121.846497, 37.09705
121.8464255, 37.0970458
121.8462661, 37.096988
121.8460833, 37.0968335
121.8459289, 37.0967182
121.8459034, 37.0966787
121.845875, 37.0966566
121.845775, 37.0966229
121.8455553, 37.0964936
121.8455143, 37.0964751
121.8454907, 37.096469
121.8454449, 37.0964648
121.8453872, 37.0964732
121.844964, 37.0967716
121.8449235, 37.096787
121.8448803, 37.0967977
121.8448359, 37.0968027
121.8447912, 37.0968024
121.8446286, 37.096773
121.8445224, 37.0967394
121.8444661, 37.0967151
121.8443893, 37.0965867
121.8443887, 37.0965568
121.8443971, 37.096507
121.844412, 37.096472
121.8443376, 37.0963983
121.8441931, 37.0963425
121.8441102, 37.0962887
121.8440194, 37.0961803
121.8439695, 37.0960687
121.8439977, 37.0959233
121.8440495, 37.0957639
121.8440952, 37.0956457
121.8441746, 37.0954998
121.8441805, 37.0954449
121.844259, 37.095158
121.8442616, 37.0951145
121.8442557, 37.0950713
121.8442349, 37.0950153
121.8442149, 37.094983
121.8441899, 37.0949531
121.8441332, 37.0949063
121.8438406, 37.0947838
121.8437136, 37.0947524
121.8435803, 37.0947457
121.8433612, 37.0947236
121.8431118, 37.0947237
121.8429173, 37.0947397
121.842784, 37.0947357
121.8425961, 37.0947379
121.8423599, 37.094716
121.8422407, 37.0947337
121.8418723, 37.0947681
121.8417184, 37.0947589
121.8416261, 37.0947627
121.8415337, 37.0947615
121.8414416, 37.0947552
121.8413309, 37.0947412
121.8412233, 37.0947204
121.8411182, 37.0946928
121.8410163, 37.0946584
121.8409181, 37.0946175
121.8408241, 37.0945705
121.8407165, 37.0945046
121.8406517, 37.0944591
121.8405745, 37.0943954
121.8405039, 37.094327
121.8401723, 37.0937479
121.8401268, 37.0936936
121.8400386, 37.0936667
121.8398301, 37.0936663
121.8394988, 37.0936783
121.8392801, 37.0936808
121.8390741, 37.0936284
121.8389537, 37.093586
121.8387848, 37.0935086
121.8386259, 37.0934119
121.83857, 37.0933441
121.8385068, 37.0932518
121.8385138, 37.0930656
121.8385434, 37.0930023
121.838712, 37.0925004
121.8387436, 37.0923522
121.838717, 37.092202
121.8386713, 37.0921313
121.8385849, 37.0920803
121.8385368, 37.0920644
121.8384539, 37.0920189
121.8381279, 37.0917517
121.8380074, 37.091701
121.8378331, 37.091703
121.8377888, 37.0917117
121.8375006, 37.0918382
121.8373849, 37.0918669
121.8372048, 37.0919264
121.8369827, 37.0919553
121.8367228, 37.09195
121.8364306, 37.0918521
121.8361797, 37.0917756
121.8358607, 37.0917081
121.8356062, 37.0916207
121.8355231, 37.0915587
121.8354396, 37.0914803
121.8353914, 37.0914589
121.8352833, 37.091337
121.8351583, 37.0912262
121.8350859, 37.0911915
121.8348979, 37.0911882
121.8348366, 37.0911952
121.8346531, 37.091252
121.834585, 37.0912692
121.8343507, 37.0913512
121.8341526, 37.091359
121.8340738, 37.0913489
121.8338461, 37.0912311
121.833652, 37.0910746
121.8335578, 37.0909662
121.8334691, 37.0907866
121.8333883, 37.0906643
121.8332694, 37.0905097
121.8330389, 37.0903856
121.8329077, 37.0903023
121.832708, 37.0902087
121.8325461, 37.0901258
121.832349, 37.0899829
121.8320405, 37.089721
121.8319562, 37.0895906
121.831838, 37.0891195
121.8317248, 37.0889019
121.831648, 37.0888097
121.8315023, 37.0886854
121.831344, 37.0886243
121.8311689, 37.0885798
121.8307564, 37.0884449
121.8306565, 37.0883995
121.8305665, 37.0883376
121.8304729, 37.088262
121.8303111, 37.0881927
121.8301431, 37.0881645
121.8300575, 37.0881573
121.8299927, 37.0881662
121.8298815, 37.0881975
121.8295285, 37.0883109
121.8294881, 37.0883442
121.8293688, 37.0883538
121.8292933, 37.0883355
121.829231, 37.088287
121.8290573, 37.0881165
121.8290091, 37.0880952
121.8288813, 37.0880118
121.8287336, 37.0879615
121.8285865, 37.087944
121.8283447, 37.0879768
121.828168, 37.0880226
121.8279808, 37.0880521
121.8277387, 37.0880713
121.8275916, 37.0880653
121.8274238, 37.0880453
121.8272528, 37.0880418
121.8271335, 37.0880568
121.8269498, 37.0881082
121.8268646, 37.0881201
121.8267551, 37.0881104
121.826652, 37.0880787
121.8266212, 37.088079
121.8263046, 37.087954
121.8261056, 37.087907
121.8258999, 37.0878738
121.8257632, 37.0878698
121.8256778, 37.0878874
121.825443, 37.0879475
121.8253543, 37.087954
121.8250076, 37.0878676
121.8248881, 37.0878772
121.8248167, 37.0878944
121.8246393, 37.0879128
121.8242942, 37.0879195
121.8241946, 37.0878905
121.8240809, 37.0878343
121.8239975, 37.0877586
121.823938, 37.08768
121.8238991, 37.0876065
121.8238944, 37.0875299
121.8239161, 37.0872122
121.8238861, 37.0870593
121.8237679, 37.0867718
121.8237489, 37.0866598
121.8237318, 37.0864684
121.8237063, 37.0863784
121.8236393, 37.0862614
121.823552, 37.086153
121.8234762, 37.0861182
121.8231506, 37.0860645
121.8228362, 37.0860653
121.8226238, 37.0860403
121.8223392, 37.0859861
121.8221707, 37.085925
121.8220809, 37.0858713
121.821973, 37.085748
121.8218517, 37.0856453
121.8217273, 37.0855564
121.821548, 37.0854572
121.8209112, 37.0851606
121.8205078, 37.0849353
121.8203039, 37.0847925
121.8201969, 37.0847253
121.8200648, 37.08459
121.8199059, 37.084446
121.8196774, 37.0842678
121.8194015, 37.0841122
121.8191987, 37.0840324
121.8190103, 37.0839962
121.8188055, 37.0839985
121.8185694, 37.0839628
121.8181674, 37.0838196
121.8181552, 37.0838066
121.8181354, 37.0834565
121.8181172, 37.0833965
121.8180603, 37.0832658
121.8177592, 37.0828587
121.8176996, 37.0827718
121.8176569, 37.0826737
121.8176521, 37.0825888
121.8176405, 37.0825123
121.8176297, 37.0824796
121.8175947, 37.0822365
121.8175844, 37.0820423
121.817568, 37.0818837
121.8175492, 37.0817881
121.8174061, 37.0814203
121.8172906, 37.0812294
121.816736, 37.0805454
121.8166856, 37.0804639
121.8166692, 37.0804219
121.8166573, 37.080375
121.8166522, 37.080333
121.8166575, 37.0798863
121.8166484, 37.0798728
121.8166754, 37.0796275
121.8166929, 37.0795699
121.8167144, 37.0795248
121.8167385, 37.0794868
121.8172601, 37.0790704
121.8173075, 37.0790252
121.8173502, 37.078977
121.8174095, 37.0788932
121.8174442, 37.0788287
121.8174736, 37.078754
121.817494, 37.0786749
121.817476, 37.0783651
121.8174667, 37.0782903
121.8174504, 37.0782164
121.8174274, 37.0781436
121.8173977, 37.0780724
121.8173616, 37.0780031
121.8173191, 37.0779362
121.8172706, 37.0778719
121.8172163, 37.0778107
121.8171565, 37.0777529
121.8170916, 37.0776987
121.8169859, 37.0776258
121.8169089, 37.0775815
121.8154016, 37.0768318
121.815266, 37.0767347
121.8152044, 37.07665
121.8151136, 37.0764625
121.8150024, 37.0763463
121.8149135, 37.0762642
121.8147916, 37.0761693
121.8146671, 37.0760832
121.8146143, 37.0760313
121.8145493, 37.0759095
121.8145564, 37.0758482
121.8145592, 37.075695
121.8145898, 37.0755656
121.8145795, 37.0754497
121.8145939, 37.0753314
121.8146169, 37.0752504
121.814622, 37.0750732
121.8146309, 37.0749528
121.814646, 37.0748826
121.8146566, 37.0747074
121.8146768, 37.0746131
121.8146661, 37.0744667
121.8146064, 37.0741635
121.8145777, 37.0740849
121.8144734, 37.0738998
121.8144533, 37.0738452
121.8143696, 37.0737475
121.8142214, 37.0735585
121.8142125, 37.0735148
121.8141156, 37.0734435
121.8140319, 37.0733458
121.8139904, 37.0733156
121.8139789, 37.0732829
121.8139371, 37.0732373
121.8138463, 37.0731668
121.8138101, 37.0731277
121.8137188, 37.073063
121.8135994, 37.0729591
121.8134827, 37.0728487
121.8134078, 37.072786
121.813278, 37.0727063
121.8131645, 37.0726199
121.8127805, 37.0723875
121.8126512, 37.0723364
121.8123503, 37.0721977
121.8121928, 37.072101
121.8120933, 37.0720321
121.8119747, 37.0719722
121.8119329, 37.0719289
121.8118033, 37.0717028
121.811742, 37.0716379
121.8117138, 37.0715857
121.8115273, 37.0713909
121.811454, 37.0712448
121.8114244, 37.0711114
121.811404, 37.0710394
121.811384, 37.0709891
121.8113505, 37.0709479
121.8112754, 37.0708742
121.8111067, 37.0707599
121.8109681, 37.0706475
121.8108874, 37.0705651
121.8108259, 37.0704869
121.8107866, 37.0704238
121.8107035, 37.0703473
121.8106536, 37.0703084
121.8105561, 37.0702
121.810486, 37.0700999
121.8104676, 37.0699861
121.810402, 37.0698269
121.8103126, 37.0697161
121.8098184, 37.0694258
121.8096523, 37.0693005
121.8078992, 37.0689421
121.8077396, 37.0686224
121.807181, 37.0684304
121.8059477, 37.068525
121.8053539, 37.0684705
121.8044845, 37.067983
121.8033492, 37.0678417
121.8030651, 37.067837
121.8027022, 37.067837
121.8025793, 37.0678681
121.8025127, 37.0678748
121.8023725, 37.0679021
121.8021836, 37.0679104
121.8021346, 37.0679052
121.802076, 37.0678935
121.801968, 37.0677878
121.80199, 37.0677738
121.8016655, 37.0672867
121.8015608, 37.067086
121.8014696, 37.0669505
121.801373, 37.0667953
121.8011883, 37.0665382
121.8011456, 37.0664971
121.801047, 37.0663617
121.8010053, 37.0662335
121.8009268, 37.0661196
121.8009039, 37.0660803
121.8008832, 37.0660271
121.800825, 37.0659467
121.8008082, 37.0659138
121.8007669, 37.0658721
121.8007302, 37.0658451
121.8006696, 37.0658099
121.8004828, 37.065593
121.8004517, 37.065563
121.8003929, 37.0655262
121.8003233, 37.0655027
121.8002789, 37.0654957
121.7998932, 37.0654624
121.7997938, 37.0654577
121.7997006, 37.0654364
121.7992578, 37.0652677
121.7990368, 37.0651969
121.7985443, 37.0649887
121.7984447, 37.0649384
121.7983124, 37.0648528
121.798108, 37.0647423
121.7980206, 37.0646859
121.7979304, 37.0646077
121.7978949, 37.0645586
121.7978224, 37.0645041
121.7976389, 37.0643161
121.7975056, 37.0641732
121.7971817, 37.0640066
121.7971368, 37.0639775
121.797065, 37.0639644
121.7966919, 37.0638063
121.796317, 37.0636878
121.7961977, 37.0636397
121.7960015, 37.0635726
121.7959497, 37.0635649
121.7958971, 37.063562
121.7958444, 37.0635638
121.795783, 37.063572
121.7956932, 37.063597
121.7954703, 37.0636932
121.7953818, 37.0637199
121.7952761, 37.0637429
121.7951286, 37.0637841
121.7950768, 37.0637846
121.7949729, 37.06377
121.7948389, 37.0637358
121.7945601, 37.0637429
121.794472, 37.0637894
121.7943208, 37.0638999
121.7937806, 37.0643589
121.7936977, 37.0643948
121.7936388, 37.0644117
121.7935777, 37.0644223
121.7935131, 37.0644266
121.7934513, 37.0644246
121.7933895, 37.0644162
121.7933295, 37.0644015
121.7929746, 37.064156
121.7929315, 37.0641341
121.7928878, 37.0641176
121.7928418, 37.064106
121.7927935, 37.0640988
121.79247, 37.0640964
121.7923739, 37.0641074
121.7922775, 37.0641006
121.7921263, 37.0640646
121.7919275, 37.0639897
121.7918209, 37.0639671
121.7912918, 37.063781
121.7912234, 37.0637522
121.7911514, 37.0637298
121.7910373, 37.0637082
121.7909738, 37.0637029
121.7909098, 37.0637023
121.790789, 37.0637143
121.7906758, 37.0637377
121.7906046, 37.0637469
121.7905364, 37.0637496
121.7904716, 37.0637471
121.7904072, 37.0637394
121.7900057, 37.0636528
121.7898817, 37.0636205
121.7896456, 37.0635281
121.7888637, 37.0631411
121.7885228, 37.0629865
121.7882758, 37.0628369
121.7881623, 37.0626997
121.7878858, 37.0624079
121.7876878, 37.0621872
121.7876526, 37.0621608
121.7876126, 37.0621393
121.7875693, 37.0621233
121.7875232, 37.0621132
121.7874758, 37.0621092
121.7874044, 37.0621144
121.7869207, 37.062284
121.7868712, 37.0622997
121.7868199, 37.062311
121.7867673, 37.0623178
121.7867142, 37.0623201
121.786661, 37.0623178
121.7866084, 37.0623109
121.7865276, 37.0622901
121.7864605, 37.0622639
121.7864163, 37.0622401
121.7863239, 37.0621778
121.7861789, 37.0620706
121.7860635, 37.061963
121.7859909, 37.0619064
121.7858338, 37.0618152
121.7857614, 37.0617685
121.7856788, 37.0617021
121.7854704, 37.0615006
121.7853955, 37.06145
121.7851717, 37.0612131
121.7849121, 37.0609013
121.7847863, 37.0607642
121.7845341, 37.0605988
121.7844769, 37.0605737
121.7841725, 37.0603891
121.7840302, 37.0602957
121.7838097, 37.0601062
121.783149, 37.0594427
121.7829909, 37.0592921
121.7825184, 37.0588007
121.7822089, 37.0584559
121.7820797, 37.0582654
121.7820436, 37.0581767
121.781839, 37.0576131
121.7818102, 37.0575204
121.7817385, 37.0572264
121.7817031, 37.0570329
121.781667, 37.0569403
121.7815702, 37.0567633
121.7815433, 37.0567253
121.7815254, 37.0567088
121.7814824, 37.0566823
121.7814581, 37.0566727
121.7814324, 37.0566658
121.7813786, 37.0566602
121.7811911, 37.0566863
121.781132, 37.0566909
121.7810044, 37.0567378
121.7807157, 37.056745
121.780639, 37.0567379
121.7794465, 37.0564403
121.778591, 37.0562202
121.7784569, 37.0561702
121.7783572, 37.0561159
121.7783419, 37.0560884
121.7781912, 37.0559337
121.7781605, 37.0558747
121.7781244, 37.0557841
121.7780402, 37.0556227
121.7779335, 37.0554478
121.7777561, 37.0553212
121.7776695, 37.0553102
121.7771709, 37.0551693
121.7770892, 37.0551563
121.7768737, 37.0551092
121.77674, 37.0550889
121.7765026, 37.0550428
121.7764378, 37.0550191
121.7764038, 37.0550011
121.7763447, 37.0549562
121.7762999, 37.0549018
121.7762498, 37.0547144
121.7762271, 37.0545405
121.7761712, 37.0543057
121.7761307, 37.0541003
121.7759488, 37.0535642
121.7757963, 37.0532803
121.7757362, 37.0531945
121.7756738, 37.0531322
121.7756227, 37.0530925
121.7755549, 37.0530507
121.7754952, 37.0530219
121.775432, 37.0529982
121.7753661, 37.0529798
121.7752969, 37.0529668
121.7751777, 37.052958
121.7751189, 37.0529599
121.7748158, 37.0529909
121.7747089, 37.0530149
121.7745632, 37.0530322
121.7744859, 37.0530343
121.7743401, 37.0530255
121.7742682, 37.0530147
121.7738267, 37.0528929
121.7736976, 37.0528468
121.7735762, 37.0528224
121.7732981, 37.0527245
121.7732337, 37.0527153
121.7730478, 37.0526718
121.7729612, 37.0526589
121.7728745, 37.0526401
121.77263, 37.0526348
121.7724844, 37.0526384
121.772267, 37.0526701
121.7715487, 37.0528305
121.7702801, 37.0532186
121.7700961, 37.0532975
121.7700475, 37.0533059
121.7699557, 37.0533134
121.7698975, 37.0533124
121.7696887, 37.0532921
121.7694806, 37.0532488
121.7692946, 37.0531994
121.7692371, 37.0531809
121.7691642, 37.0531518
121.7690699, 37.0531027
121.7687411, 37.0530541
121.7680534, 37.0530855
121.7674371, 37.0532687
121.7673777, 37.0532784
121.7673231, 37.0532814
121.7672679, 37.053279
121.7672148, 37.0532714
121.7666352, 37.053159
121.7665727, 37.0531142
121.7664114, 37.0530625
121.7662171, 37.0529598
121.7655381, 37.0525318
121.765353, 37.0524819
121.7646934, 37.0524836
121.7646542, 37.0524808
121.7646195, 37.0524756
121.7645507, 37.0524556
121.7644357, 37.0524031
121.7642925, 37.0523483
121.7642501, 37.0523281
121.7641388, 37.0522602
121.7640566, 37.0522166
121.7639757, 37.0521797
121.7638917, 37.0521475
121.7638035, 37.0521193
121.7637596, 37.0520994
121.7637103, 37.0520653
121.7636817, 37.0520358
121.7636596, 37.0520043
121.7636455, 37.0519746
121.7635946, 37.051827
121.7635472, 37.0516655
121.763511, 37.051515
121.7634806, 37.0513564
121.763459, 37.051203
121.7634513, 37.0510027
121.7634601, 37.0509324
121.7634715, 37.0508929
121.7635072, 37.0508184
121.7635605, 37.0507491
121.7637095, 37.0506404
121.7638172, 37.0505877
121.7639662, 37.0504912
121.7641147, 37.0503708
121.7643833, 37.0500494
121.7644417, 37.0499973
121.7645445, 37.0499487
121.7646632, 37.0499573
121.7647345, 37.0499427
121.7648424, 37.049898
121.7648768, 37.0498897
121.7650136, 37.0498071
121.7650472, 37.0497406
121.7650585, 37.0497047
121.7650684, 37.0496347
121.7650675, 37.0495988
121.7650586, 37.0495455
121.7650373, 37.0494947
121.7650104, 37.0494457
121.7649812, 37.0494035
121.7649406, 37.0493546
121.7648926, 37.0493087
121.7648507, 37.0492747
121.7647994, 37.04924
121.7647422, 37.0492082
121.764686, 37.0491826
121.7646272, 37.0491612
121.7643048, 37.0490666
121.7642714, 37.0490485
121.764258, 37.0490331
121.7642505, 37.0490164
121.764213, 37.048876
121.7641246, 37.0487562
121.7639707, 37.0486295
121.7639089, 37.0485834
121.763842, 37.0485425
121.7635868, 37.0484157
121.7635474, 37.0484027
121.7635052, 37.0483943
121.7634427, 37.0483915
121.7629458, 37.0484133
121.7629146, 37.0484108
121.7628851, 37.0484012
121.7628611, 37.0483855
121.7628437, 37.048365
121.7627987, 37.0482654
121.7627477, 37.0481745
121.7624975, 37.0480004
121.7623684, 37.0479576
121.7623518, 37.0479358
121.7623086, 37.0478984
121.7622548, 37.0478711
121.7622251, 37.0478619
121.7621783, 37.0478541
121.7619742, 37.0478512
121.7618975, 37.0478593
121.7616909, 37.0478574
121.7616046, 37.0478443
121.7614432, 37.0477938
121.7613912, 37.0477856
121.7613457, 37.0477831
121.7609112, 37.0477766
121.7608435, 37.0477831
121.7607767, 37.0477945
121.7607115, 37.0478106
121.7606391, 37.0478346
121.7605774, 37.0478607
121.760519, 37.0478913
121.7604635, 37.0479266
121.7603771, 37.0479971
121.7599476, 37.0485445
121.759883, 37.0486158
121.7598344, 37.0486593
121.7597813, 37.0486993
121.7597241, 37.0487354
121.7596618, 37.0487683
121.7595974, 37.0487963
121.7591283, 37.0489437
121.759079, 37.0489565
121.7589769, 37.048969
121.7588737, 37.0489637
121.7587744, 37.0489408
121.7586835, 37.0489014
121.7585564, 37.0488175
121.7585268, 37.0488056
121.7585026, 37.0488005
121.7584675, 37.0487994
121.7583704, 37.0488136
121.758232, 37.0488501
121.7581679, 37.0488858
121.758112, 37.0489239
121.7580611, 37.048966
121.7580177, 37.0490095
121.7579812, 37.0490536
121.7579389, 37.0491185
121.7578586, 37.049298
121.7578241, 37.0493624
121.7577487, 37.049478
121.7576568, 37.0495895
121.7576056, 37.0496422
121.757578, 37.0496614
121.7575431, 37.0496728
121.7575244, 37.0496747
121.7574874, 37.049671
121.7574543, 37.049658
121.7570755, 37.0493525
121.7570136, 37.0492982
121.7568789, 37.0491984
121.7567804, 37.0491378
121.7567042, 37.0490971
121.7565632, 37.0490334
121.7564046, 37.0489778
121.7563184, 37.0489539
121.7556311, 37.0488681
121.755201, 37.0486823
121.7551377, 37.0486254
121.7550814, 37.0485657
121.7550328, 37.0485039
121.7549886, 37.0484365
121.7549531, 37.048369
121.7549493, 37.048143
121.7549151, 37.0480391
121.7549192, 37.0478856
121.7548446, 37.0475071
121.7546875, 37.0470337
121.7543087, 37.0461506
121.7538479, 37.0452393
121.7528478, 37.0435946
121.7527385, 37.0433999
121.7516234, 37.0419379
121.7500664, 37.0391022
121.7496816, 37.0385111
121.7483372, 37.0380383
121.747611, 37.0371443
121.7477239, 37.0359762
121.7474839, 37.0353322
121.747083, 37.035007
121.7469013, 37.0347208
121.7464189, 37.0345255
121.7462033, 37.0343991
121.7459925, 37.0342675
121.7457868, 37.0341309
121.7456016, 37.0340008
121.7454228, 37.0338682
121.7452486, 37.0337317
121.7450791, 37.0335914
121.7449145, 37.0334475
121.7447547, 37.0333001
121.7445678, 37.0331167
121.7443959, 37.0329367
121.7442598, 37.0327855
121.7441286, 37.0326314
121.7439947, 37.0324644
121.7438815, 37.0323154
121.7437657, 37.0321537
121.7427888, 37.0303225
121.7397937, 37.027464
121.7397046, 37.0273828
121.7396098, 37.0273057
121.7395098, 37.0272331
121.7394218, 37.0271755
121.7393326, 37.0271226
121.7392057, 37.0270554
121.7390038, 37.0269662
121.7285216, 37.0228529
121.7283417, 37.0227876
121.7281656, 37.0227159
121.7279936, 37.0226382
121.7278259, 37.0225545
121.727663, 37.022465
121.7275052, 37.0223699
121.7273526, 37.0222693
121.7272057, 37.0221635
121.7270648, 37.0220526
121.7287044, 37.0200375
121.7295941, 37.0200442
121.7318589, 37.0210379
121.7315067, 37.0219641
121.730569, 37.0233507
121.7307198, 37.0234099
121.7363415, 37.0157525
121.7316609, 37.0126607
121.726655, 37.0148268
121.7256134, 37.0109639
121.7221379, 37.0072472
121.7220275, 37.0071702
121.7217705, 37.0073265
121.7212991, 37.0083584
121.7215291, 37.0087095
121.7214539, 37.0093317
121.7173683, 37.0077512
121.7206804, 37.0050793
121.7279619, 36.9980484
121.7258016, 36.9965932
121.7263991, 36.9958667
121.7265016, 36.9952497
121.7266343, 36.9950849
121.7267259, 36.9945947
121.7279044, 36.9932751
121.7281656, 36.9931709
121.7284665, 36.9927921
121.7289293, 36.9927303
121.7299902, 36.9922329
121.7301315, 36.9922201
121.7313234, 36.9917295
121.7320318, 36.9917854
121.7320986, 36.9917841
121.732149, 36.9917956
121.7321962, 36.9918183
121.732276, 36.9918908
121.7341223, 36.9916697
121.7346305, 36.9912492
121.7346744, 36.9910065
121.7344972, 36.9907927
121.7357733, 36.9901536
121.7352223, 36.9901093
121.7350048, 36.990366
121.7347494, 36.9903981
121.7345962, 36.9903949
121.7343917, 36.9903516
121.7342508, 36.9904547
121.7320517, 36.9903342
121.7302661, 36.9910618
121.7227058, 36.9932954
121.7179993, 36.9957898
121.7177702, 36.9955411
121.7179497, 36.9953291
121.7179904, 36.9952677
121.7180249, 36.995204
121.7180529, 36.9951383
121.7180744, 36.995071
121.7180893, 36.9950024
121.7180973, 36.9949331
121.7180985, 36.9948636
121.7180928, 36.9947941
121.7180803, 36.9947253
121.7180638, 36.9946659
121.7180197, 36.9945585
121.7179065, 36.9943327
121.7178494, 36.9943607
121.7177395, 36.9942277
121.7172206, 36.9941237
121.7168195, 36.9939008
121.7164419, 36.9938104
121.7158523, 36.9935771
121.7151874, 36.9932904
121.7148075, 36.9931421
121.7129075, 36.993228
121.7127196, 36.9931967
121.7124281, 36.9931343
121.7119685, 36.993115
121.7112777, 36.9930395
121.7108969, 36.993024
121.7107735, 36.9930069
121.7106324, 36.993004
121.7099464, 36.9928562
121.7098528, 36.9927589
121.710031, 36.9922108
121.7105842, 36.9920528
121.7107266, 36.9919147
121.7107546, 36.9917937
121.71062, 36.991543
121.7106969, 36.9913128
121.7112171, 36.9907893
121.7112917, 36.9905145
121.7110336, 36.9903224
121.7105285, 36.9894572
121.7104531, 36.9893829
121.7090038, 36.9891122
121.7085036, 36.9898491
121.7075722, 36.9897566
121.7067357, 36.9900556
121.7048363, 36.9896471
121.7047194, 36.9882648
121.704971, 36.9869269
121.7041379, 36.9867578
121.7039568, 36.9861999
121.7016502, 36.9866355
121.6993438, 36.9867217
121.6965871, 36.986483
121.6953156, 36.9862358
121.6943424, 36.9847757
121.6942333, 36.9834644
121.6950956, 36.9812415
121.6953942, 36.9808731
121.6958585, 36.9781345
121.6964628, 36.977264
121.6948597, 36.9722025
121.6950936, 36.9718149
121.6908344, 36.9681299
121.6905283, 36.9682549
121.6880325, 36.967458
121.6877943, 36.9675732
121.6848566, 36.9677046
121.6838934, 36.967136
121.6841136, 36.9664432
121.6822903, 36.967037
121.6818908, 36.9670947
121.681464, 36.9669673
121.6797123, 36.9673464
121.6768721, 36.9664018
121.6768327, 36.9663486
121.6767882, 36.9662981
121.6767378, 36.9662498
121.6766845, 36.9662061
121.6766271, 36.9661659
121.6765614, 36.9661271
121.6764661, 36.9660813
121.6745977, 36.9648405
121.6732028, 36.9649527
121.6725127, 36.9646191
121.6701444, 36.963027
121.6651163, 36.9629111
121.6648547, 36.9629456
121.6639023, 36.9619051
121.6638921, 36.961083
121.6638552, 36.9604621
121.6630361, 36.9588284
121.6626751, 36.9577132
121.6628852, 36.9567838
121.6639098, 36.9541448
121.6635169, 36.953192
121.66291, 36.952133
121.6628919, 36.951404
121.6626641, 36.9508579
121.6616291, 36.9508632
121.6607427, 36.9501951
121.6593336, 36.9500716
121.6583313, 36.9494588
121.6537283, 36.9501364
121.6528323, 36.9466657
121.651682, 36.9464138
121.6533041, 36.9430608
121.6526332, 36.9403831
121.6511648, 36.9395911
121.6506935, 36.9390305
121.6398788, 36.9310215
121.6354094, 36.9306408
121.6361435, 36.933699
121.6355535, 36.9347139
121.635054, 36.9349798
121.6349046, 36.9350931
121.6347701, 36.935077
121.6343009, 36.9351008
121.6338784, 36.9351771
121.6334392, 36.9354979
121.6332324, 36.9356941
121.6328429, 36.9359373
121.6310801, 36.9365889
121.6301039, 36.9373369
121.6298821, 36.9374857
121.6298331, 36.9375395
121.6294816, 36.9381693
121.6292935, 36.9382752
121.6288885, 36.9392681
121.6287213, 36.9395566
121.6280753, 36.9397685
121.6275042, 36.9396495
121.6264477, 36.9396027
121.6256679, 36.9392637
121.6242991, 36.9380622
121.6241051, 36.9376904
121.6239549, 36.9363789
121.6238333, 36.9361076
121.6235794, 36.9362274
121.6236946, 36.9364362
121.623768, 36.9366287
121.6236842, 36.9368528
121.6237888, 36.9371917
121.6238073, 36.9373181
121.6238118, 36.9376179
121.623869, 36.9379288
121.6239009, 36.9383978
121.6239643, 36.9386509
121.6243391, 36.9394487
121.6248898, 36.9400739
121.6178845, 36.9334404
121.6088783, 36.9263488
121.5910083, 36.9265223
121.5910052, 36.9192267
121.5823066, 36.9191589
121.5824309, 36.9069067
121.5824276, 36.9041434
121.5824601, 36.8997872
121.5871059, 36.9014567
121.5910211, 36.9012941
121.5958077, 36.9006133
121.5972555, 36.9001656
121.597435, 36.900124
121.6008297, 36.8990952
121.6060826, 36.8993543
121.6124125, 36.9027394
121.6181158, 36.9076408
121.6196197, 36.9085985
121.6223629, 36.9091325
121.626564, 36.9118561
121.6290883, 36.9120434
121.6299399, 36.9109515
121.6357077, 36.9025119
121.6405262, 36.8935488
121.6437391, 36.8937254
121.6452769, 36.896719
121.6449763, 36.8991399
121.6445741, 36.9022659
121.6460406, 36.9027544
121.6501287, 36.9005297
121.6527209, 36.903029
121.6516131, 36.9104275
121.6545525, 36.9133486
121.6607766, 36.914682
121.6661903, 36.9126828
121.6754335, 36.9072601
121.675736, 36.9078504
121.6791357, 36.9059493
121.6800912, 36.9053265
121.6819409, 36.9043804
121.687482, 36.9088498
121.6952869, 36.910955
121.6976153, 36.911965
121.6991379, 36.9115686
121.7025283, 36.9085577
121.705959, 36.9098443
121.7070922, 36.9116261
121.7022441, 36.9136339
121.699877, 36.9165066
121.6998324, 36.9183589
121.7012007, 36.919588
121.7041097, 36.9180265
121.7079088, 36.9153377
121.7110487, 36.9155678
121.7118497, 36.9142415
121.7139143, 36.9106882
121.7157328, 36.9103583
121.7193519, 36.9123304
121.721938, 36.9144673
121.7225526, 36.9146989
121.723315, 36.9149262
121.7272402, 36.914597
121.7281125, 36.9122249
121.7330138, 36.9092755
121.7337914, 36.9091854
121.7337916, 36.9091626
121.7348004, 36.9088609
121.735987, 36.9085771
121.7369234, 36.9085307
121.7383378, 36.9085656
121.7387508, 36.9085909
121.7398148, 36.9090537
121.7399805, 36.9090316
121.7400104, 36.9087177
121.7409203, 36.9088067
121.7437598, 36.9094121
121.7445635, 36.9093712
121.7456564, 36.909585
121.7464847, 36.9087028
121.7466524, 36.9086469
121.7481266, 36.9075761
121.7482319, 36.9074576
121.7486549, 36.907022
121.7503463, 36.9057241
121.7510957, 36.9052871
121.7513094, 36.9051403
121.7541655, 36.9028769
121.7554593, 36.9017944
121.7554329, 36.9017754
121.7574301, 36.8999377
121.7603176, 36.894615
121.7641506, 36.8920207
121.7639829, 36.8915341
121.7640767, 36.8914394
121.7641977, 36.8907016
121.7642241, 36.88874
121.7645378, 36.8883786
121.7643903, 36.8882299
121.764815, 36.8879078
121.7696066, 36.8888378
121.7701869, 36.8884115
121.7700204, 36.8875873
121.7693317, 36.8869701
121.7689877, 36.8863518
121.7687017, 36.8857914
121.7684902, 36.8853958
121.7716159, 36.8843521
121.7716249, 36.8843692
121.7717747, 36.8843153
121.7716575, 36.8842692
121.7714681, 36.8839119
121.7747084, 36.8832219
121.7781269, 36.8831812
121.7799866, 36.8833894
121.779916, 36.8834629
121.7805464, 36.8839023
121.7832699, 36.8853026
121.7840479, 36.8857297
121.7858327, 36.8854331
121.7927577, 36.8801854
121.7929717, 36.8800122
121.79351, 36.880103
121.7939703, 36.879793
121.797099, 36.8740101
121.7987117, 36.8722155
121.8022143, 36.8697758
121.8025413, 36.8698927
121.8030364, 36.8695064
121.803605, 36.8688622
121.8038548, 36.8681324
121.8037884, 36.8676927
121.8037235, 36.8665809
121.803378, 36.865462
121.8028186, 36.8644255
121.802623, 36.863832
121.8017364, 36.8619519
121.8009868, 36.859602
121.8009577, 36.8587704
121.8011321, 36.8580435
121.8014892, 36.8575143
121.8015787, 36.857345
121.8018119, 36.8570396
121.8019084, 36.8568375
121.8020663, 36.8566138
121.8021687, 36.8565541
121.8022441, 36.8564723
121.802319, 36.8564562
121.8024012, 36.8563854
121.8024899, 36.8563419
121.8025993, 36.8562658
121.8028243, 36.85619
121.8030698, 36.8561144
121.8031314, 36.8560708
121.8032199, 36.8560548
121.8032746, 36.8560221
121.8033769, 36.8559842
121.8037184, 36.8557995
121.8038002, 36.8557725
121.8038823, 36.8557017
121.8044352, 36.8554412
121.8045514, 36.8553541
121.8048651, 36.8552677
121.8051248, 36.8550827
121.8055751, 36.8549094
121.8056366, 36.8548713
121.8057457, 36.8548443
121.8061753, 36.8547037
121.8062641, 36.8546548
121.806646, 36.8545304
121.80696, 36.854373
121.8070692, 36.8543241
121.8071923, 36.8542371
121.8074381, 36.8541012
121.8075541, 36.8540524
121.808299, 36.8535465
121.8087902, 36.8533514
121.8089126, 36.8533792
121.8091351, 36.8535921
121.8089712, 36.8531385
121.8094978, 36.8488998
121.8103389, 36.8488209
121.8113025, 36.8505848
121.8113952, 36.8508684
122.0518781, 36.8196
122.0572231, 36.837598
122.0608667, 36.85
122.0683171, 36.874953
122.0763991, 36.910199
122.0817271, 36.910956
122.1030401, 36.916255
122.1305691, 36.925338
122.1589861, 36.937451
122.1720241, 36.942681
122.1880091, 36.950251
122.2093221, 36.961606
122.2510821, 36.985833
122.2610491, 36.993452
122.2656541, 37.00012
122.2699431, 37.009415
122.2731591, 37.018485
122.2763751, 37.024834
122.2834848, 37.0282097
122.2903131, 37.03209
122.2969688, 37.0367779
122.31605, 37.0428333
122.3220529, 37.0479139